"zurück zum Inhaltsverzeichnis",,,,,,,,,,,
,,,,,,,,,,,
"Fahrzeugzulassungen (FZ)",,,,,,,,,,,
"Bestand an Personenkraftwagen und Krafträdern nach Marken oder Herstellern",,,,,,,,,,,
"FZ 17.2 Bestand an Personenkraftwagen am 1. Januar 2015 bis 1. Januar 2024 nach Herkunftsländern und ausgewählten Marken",,,,,,,,,,,
,,,,,,,,,,,
Herkunftsland,"Marke ","Bestand am 1. Januar",,,,,,,,,
,,2015,2016,2017,2018,2019,2020,2021,2022,2023,2024
Deutschland,AUDI,3004819,3091807,3173116,3224007,3242838,3250757,3279655,3272463,3264636,3302138
,BMW,3011032,3082243,3154576,3203507,3256884,3295796,3357799,3396513,3403625,3428519
,FORD,3339043,3352642,3380357,3406624,3438207,3493965,3510882,3482097,3448874,3402500
,MERCEDES,4152334,4223587,4307158,4378615,4434329,4501721,4596271,4627951,4649807,4703089
,MINI,317653,346403,377036,409733,445226,475587,503758,524495,539201,562083
,OPEL,4784141,4687804,4607857,4534639,4455662,4355943,4240165,4168958,4087391,3999139
,PORSCHE,234680,257070,277093,295444,313173,329835,345119,359416,371173,387229
,SACHSENRING,32832,33550,34449,35422,36259,37116,38173,39342,40138,40826
,SMART,398300,414962,434564,453745,474898,497680,499314,501105,498617,494185
,VW,9568633,9740692,9887132,9982099,10039389,10088693,10150844,10178655,10197626,10243121
China,BYD,-,-,-,-,-,-,-,-,1278,4317
,GWM,-,-,-,-,-,-,-,-,52,4684
,"LYNK & CO",-,-,-,-,-,-,-,-,7604,8848
,"MG ROEWE",-,-,-,-,-,-,-,3214,18519,36551
Frankreich,CITROEN,800306,768479,747528,744339,742167,743876,739180,734818,726419,721890
,DS,.,30813,32192,32586,33607,34091,34098,33527,34503,33887
,PEUGEOT,1226688,1200628,1169212,1150063,1119914,1088959,1055359,1026118,1000103,973313
,RENAULT,1868200,1833271,1806227,1789961,1773013,1753960,1744098,1724161,1706277,1669044
Italien,"ALFA ROMEO",142901,135721,129570,124271,119095,114412,109885,105407,102225,101460
,FERRARI,8113,8608,9085,9572,10253,10979,11891,12860,13821,14448
,FIAT,1145494,1142521,1147115,1157215,1174960,1198632,1235376,1269292,1291008,1298485
,IVECO,9218,9686,10385,11064,11875,12885,13806,15141,16117,17027
,LAMBORGHINI,1128,1246,1394,1547,1851,2275,2826,3287,3717,4102
,LANCIA,42872,39214,35574,32247,28860,26164,23880,21931,20532,19089
,MASERATI,5277,5993,6833,7687,8601,9001,9222,9468,9930,10313
Japan,DAIHATSU,110661,102154,93746,86133,78619,71609,65450,60098,56078,52005
,HONDA,493641,482387,476015,464906,451525,433652,416520,398051,383941,368738
,INFINITI,2344,2896,4253,4913,5279,5210,5088,4987,4794,4593
,LEXUS,24901,25145,25497,25988,27282,28722,30428,31417,31939,32546
,MAZDA,854251,848945,850206,853193,859054,861170,856056,845993,834845,837592
,MITSUBISHI,453590,454317,458411,468811,484017,503204,517744,526393,535401,528906
,NISSAN,827076,839508,854037,866247,863144,851444,837440,818856,804811,793362
,SUBARU,123981,123587,123463,123783,123887,122185,120499,119025,116317,114368
,SUZUKI,453533,463599,471793,487199,502393,515455,518202,521475,517913,519994
,TOYOTA,1320454,1311459,1299589,1300250,1302395,1300104,1294397,1294894,1301745,1304579
Rumänien,DACIA,339389,383289,429094,485511,547617,611573,647074,672841,713556,760233
Schweden,POLESTAR,-,-,-,-,-,-,1018,3277,9240,13876
,SAAB,54618,51900,49304,46719,44345,42058,40205,38457,37018,35587
,VOLVO,450157,457925,468295,475602,489040,507706,512334,522612,525641,534576
Spanien,SEAT,890358,949663,1008058,1075540,1154612,1241750,1320824,1387289,1447428,1521103
Südkorea,HYUNDAI,852131,939195,1028705,1111829,1195023,1278667,1348290,1407326,1464159,1508190
,KIA,512321,547963,588269,624534,662174,700549,736045,771768,813190,850549
,SSANGYONG,7628,9684,12556,15182,17107,18913,20116,21224,22310,23691
Tschechien,SKODA,1628106,1760728,1893636,2026295,2169706,2297729,2420994,2515355,2568761,2646143
USA,CADILLAC,4085,4223,4385,4738,5143,5229,5245,5138,5226,4485
,CHEVROLET,270432,258760,245048,230084,214604,196452,179086,161568,149197,136524
,CHRYSLER,84314,78115,71834,65304,59001,46975,42329,38195,34552,31439
,DODGE,12730,12520,12053,11292,10422,9557,8823,8067,7360,6760
,JEEP,72198,81948,93049,101698,112467,125047,136645,146208,155591,159360
,TESLA,1091,2545,4358,7517,9357,19319,34389,66422,118803,164267
"Vereinigtes Königreich","ASTON MARTIN",2653,2863,2972,3178,3375,3581,3799,3695,3749,3915
,AUSTIN,10078,9881,9758,9634,9614,9636,9690,9723,9667,9620
,BENTLEY,3068,3371,3799,4238,4292,4658,5031,5460,5758,6000
,JAGUAR,56112,58788,63483,68050,73932,78669,82248,82629,80979,80136
,"LAND ROVER",80292,88034,96802,103811,108056,113909,117954,119780,120400,122701
,LOTUS,3397,3565,3719,3913,4079,4232,4390,4538,4633,4838
,"MG ROVER",42269,37772,34246,31273,28777,26725,25423,24142,23280,22480
,MORGAN,2772,2863,2966,3061,3202,3296,3429,3483,3542,3566
,"ROLLS ROYCE",2048,2188,2392,2532,2653,2826,2850,2968,3129,3206
Sonstige,,262781,262489,289316,297249,308530,351839,376928,387305,394890,408470
"Insgesamt ",,44403124,45071209,45803560,46474594,47095784,47715977,48248584,48540878,48763036,49098685
,,,,,,,,,,,
Hinweis:,,,,,,,,,,,
"Ab 2016 getrennte Ausweisung von Citroen und DS.",,,,,,,,,,,
"© Kraftfahrt-Bundesamt, Flensburg",,,,,,,,,,,
