"zurück zum Inhaltsverzeichnis",,,,,,,,,,,,,,,,,,
,,,,,,,,,,,,,,,,,,
"Fahrzeugzulassungen (FZ)",,,,,,,,,,,,,,,,,,
"Bestand an Personenkraftwagen und Krafträdern nach Marken oder Herstellern",,,,,,,,,,,,,,,,,,
"FZ 17.3 Bestand an Personenkraftwagen am 1. Januar 2024 nach ausgewählten Marken und Bundesländern in Prozent ",,,,,,,,,,,,,,,,,,
,,,,,,,,,,,,,,,,,,
Marken,Baden-Württemberg,Bayern,Berlin,Brandenburg,Bremen,Hamburg,Hessen,Mecklenburg-Vorpommern,"Nieder-
sachsen",Nordrhein-Westfalen,Rheinland-Pfalz,Saarland,Sachsen,Sachsen-Anhalt,Schleswig-Holstein,Thüringen,Sonstige,"Deutschland insgesamt"
AUDI,7,8.7,5.8,5.3,5.2,6,6.9,5.4,6.4,6,6.5,6.1,6.2,5.9,5.5,6.6,6.9,6.7
BMW,7.4,10.4,6.1,4.5,6.7,7,7.5,4.1,5.2,6.6,7.5,7.8,4.4,4.3,5.1,4.6,7.9,7
CITROEN,1.5,1,1.5,1.7,1.7,1.4,1.3,1.6,1.4,1.6,1.6,1.9,2,1.8,1.5,1.7,1,1.5
DACIA,1.5,1.4,1.6,2.4,1.4,0.9,1.3,2.2,1.4,1.4,1.8,2.6,2.1,2.1,1.5,2.4,0.8,1.5
FIAT,3.2,3,2.2,1.9,2.6,2.8,2.7,1.7,2.4,2.7,2.7,2.2,1.6,1.5,3.2,1.6,1.6,2.6
FORD,6.3,5.9,4.9,7,6.2,5.2,6.4,7.6,6.6,8.2,7.6,10.7,7.7,7.7,7.1,6.6,6.4,6.9
HYUNDAI,2.4,2.5,3,3.4,3.5,2.7,3.2,4.3,2.9,3.3,4.2,5,2.8,3.7,4.1,3.5,2.6,3.1
KIA,1.3,1.5,1.8,2.4,1.9,1.1,1.6,2.1,1.6,2.2,1.7,1.4,1.9,2.3,1.2,2.1,1.7,1.7
MAZDA,1.3,1.6,1.9,2,1.3,1.5,1.6,2.3,1.4,2,1.6,1.9,2.1,2.4,1.2,2,1.8,1.7
MERCEDES,12.7,8.4,11.5,7.8,12.7,12.3,10,7.3,8.9,9.9,9.9,8.6,6.1,6.4,9.8,6.2,11,9.6
MINI,1.2,1.4,1.1,0.6,1.2,2,1.3,0.5,1,1.3,1.1,1.2,0.5,0.4,1.3,0.5,1.3,1.1
NISSAN,1.5,1.3,2,2.5,1.4,1.7,1.3,2.9,1.5,1.8,1.4,1.5,1.6,2.1,2,1.7,1.3,1.6
OPEL,7.2,8.2,6.5,7.8,7.7,6.5,9.9,8.2,7.9,8.4,9.1,5.3,7.9,7.7,8.7,8.8,6,8.1
PEUGEOT,2.1,1.7,2,2,1.8,1.7,2.1,1.8,1.5,1.9,2.7,6.3,2,1.9,1.9,1.6,1.5,2
RENAULT,3.7,2.4,6.1,5.3,3.2,2.5,2.9,3.3,3.1,3.5,3.1,3.6,4.6,4.2,3.2,4.3,2.3,3.4
SEAT,3,3.8,2.1,2.5,2.3,2.2,3.2,2.8,2.8,3,3.3,3.2,3.7,2.8,2.3,3.5,3.6,3.1
SKODA,4.3,5.5,5.7,7.9,5.2,4.5,4.7,7.6,5.9,4.4,4.2,3.6,9.2,9.3,4.8,9.3,5.3,5.4
TOYOTA,2.4,2.6,4.1,2.9,3.1,2.7,2.5,3,2.2,2.7,2.9,5,2.9,2.7,2.5,2.3,1.9,2.7
VOLVO,0.8,0.9,1.3,1.1,1.7,2,1.1,1.4,1.3,1.2,0.9,0.6,1,0.8,1.9,0.8,1.4,1.1
VW,20.5,20,18.5,19.7,21.7,21.7,19.7,21.5,28.1,19.8,17.9,13.7,21,21.7,22.9,20.7,27.2,20.9
SONSTIGE,8.6,8.1,10.2,9.4,7.7,11.6,8.8,8.5,6.3,8,8.2,7.8,8.9,8.1,8.1,9.3,6.5,8.2
,,,,,,,,,,,,,,,,,,
"© Kraftfahrt-Bundesamt, Flensburg",,,,,,,,,,,,,,,,,,
