"zurück zum Inhaltsverzeichnis",,,,,,,,,,,,,,,,,,,
,,,,,,,,,,,,,,,,,,,
"Fahrzeugzulassungen (FZ)",,,,,,,,,,,,,,,,,,,
"Bestand an Kraftfahrzeugen und Kraftfahrzeuganhängern nach Herstellern und Handelsnamen ",,,,,,,,,,,,,,,,,,,
"FZ 2.9 Bestand an Nutzfahrzeugen am 1. Januar 2024 nach Herstellern und Bundesländern",,,,,,,,,,,,,,,,,,,
,,,,,,,,,,,,,,,,,,,
"Hersteller
Herstellerbezeichnung
",Hersteller-Schl.-Nr.,"Baden-
Württemberg",Bayern,Berlin,Brandenburg,Bremen,Hamburg,Hessen,"Mecklenburg-
Vorpommern","Nieder-
sachsen","Nordrhein-
Westfalen","Rheinland-
Pfalz",Saarland,Sachsen,"Sachsen-
Anhalt","Schleswig-
Holstein",Thüringen,Sonstige,Deutschland
"ACCESS MOTOR (RC)",1379,1092,1391,40,346,12,23,453,263,765,1174,612,194,957,507,172,590,2,8593
ALLGAIER-PORSCHE,0443,6435,6616,42,277,26,43,1908,124,1991,2133,1614,256,227,146,508,390,4,22740
"BOMBARDIER (CDN)",1942,2247,4330,82,597,37,65,1631,644,1794,1633,1492,397,786,507,416,1199,7,17864
"CITROEN (F)",3001,12315,13673,2876,4282,561,1130,7424,2759,10657,26700,8068,2180,9505,3886,2894,3842,13,112765
CLAAS,0932/1721,1590,3833,2,682,3,17,855,722,2631,2169,548,57,670,689,975,532,2,15977
"CLAAS TRACTOR (F)",1451,2999,5582,25,1129,8,36,1429,934,4301,3538,849,101,695,803,1262,683,2,24376
"CNH (I)",4156,1418,3690,2,307,5,16,729,262,1383,1076,517,20,389,196,472,283,-,10765
"CNH (L)",5047,9210,23611,23,1242,24,56,3534,884,8265,7019,3466,193,1917,899,3331,1347,5,65026
"DACIA (RO)",8201/8212,2719,3379,905,1454,176,211,1799,670,1906,3800,1338,542,2457,1101,665,1415,9,24546
"DAF TRUCKS (NL)",9647/u.a.,4107,6097,313,1230,403,565,3642,1363,6611,11573,1671,304,2115,1878,1443,1023,5,44343
"DAIMLER (D)",1313/u.a.,161717,182798,43259,41852,7910,22639,95990,23474,107408,236632,58956,12633,54258,30840,46147,29414,4877,1160804
"DEERE (D)",0008,14116,23195,19,1094,31,77,6932,755,10636,10574,5818,775,1207,1186,2892,1881,33,81221
"DEERE (USA)",1128,15474,32628,223,3957,125,355,6581,4230,17147,16458,5599,569,3957,4193,5922,3050,29,120497
EICHER,0544,14969,38946,12,477,8,102,3313,130,2358,4202,6017,424,704,263,827,887,17,73656
EVOBUS,7966,4869,7243,1101,1199,296,1576,2595,1019,3634,8307,2683,554,1655,672,903,941,68,39315
FAHR,0561/u.a.,5666,3336,16,242,5,24,1026,109,1373,1587,1061,141,258,181,451,514,11,16001
"FCA (I)",4136/u.a.,28990,41242,4270,6115,1084,3509,14054,3483,14956,35866,11106,1941,10121,5137,9512,7278,55,198719
"FCA (USA)",1004/u.a.,2989,4276,477,1451,91,225,1818,673,2889,4845,1356,208,1211,958,1004,650,29,25150
"FENDT,XAVER",0517/u.a.,55193,148567,78,3617,167,448,19548,3177,42683,26824,20082,1632,3832,3020,12223,4255,72,345418
"FIAT TRATTORI (I)",4074/u.a.,4877,8108,3,118,4,17,1676,80,2452,2747,1187,110,279,150,619,245,7,22679
"FORD (AUS)",1566,9350,13044,875,2825,193,546,5657,2063,7679,13439,4996,1117,4116,2688,2954,3030,130,74702
"FORD (D)",0928/8566,47117,59084,11667,12350,3109,7651,32005,7545,40372,103427,21935,4581,17560,10373,15260,8013,531,402580
"FORD (USA)",1005/1028,2863,4306,226,764,43,119,1563,346,2034,2389,1102,215,603,414,745,610,8,18350
"GENERAL MOTORS (USA)",1006/u.a.,933,1266,156,491,30,104,559,174,801,1319,396,79,363,239,372,235,5,7522
GUELDNER,0282/u.a.,5054,7292,5,331,11,30,2256,170,2582,2325,1614,299,304,278,586,712,19,23868
"HOLDER,METZINGEN",2221/0221,7342,3192,42,139,9,111,1249,97,1121,2008,2189,240,263,118,365,249,3,18737
"HYUNDAI MOTOR (ROK)",8252,482,928,177,373,36,36,527,354,632,1306,510,153,510,252,162,381,1,6820
"INTER HARV.-IHC (D)",0141/0913,24554,45150,19,836,59,94,9334,583,18355,16058,9937,1171,910,670,5173,1011,39,133953
"INTER HARV.-IHC (USA)",1013/u.a.,18354,25926,14,1978,33,66,7619,875,11107,8693,8197,1186,1885,1243,3029,3192,49,93446
"ISEKI (J)",7112,1739,4066,215,705,106,223,1319,563,2107,2064,772,141,1189,590,970,613,12,17394
"ISUZU (J)",7115,1211,1848,167,942,28,85,1058,694,840,1334,727,118,1153,715,575,1188,7,12690
"IVECO (I)",4192/u.a.,13342,19655,2931,3951,577,3559,9523,3056,10061,34568,6809,1296,4881,2830,3695,3238,397,124369
IVECO-MAGIRUS,6591/7691,2125,3691,331,859,58,295,997,697,2022,4129,1052,174,1230,669,861,459,109,19758
"JAGUAR LAND ROVER (UK)",1590/u.a.,1646,2266,245,312,47,367,1105,155,1033,2666,747,129,328,160,533,218,82,12039
"KAWASAKI (J)",2299/7103,1290,1455,29,285,12,27,519,169,902,846,589,237,313,243,170,472,1,7559
KLOECKNER-H-DEUTZ,0091/u.a.,43102,80415,94,4030,179,272,20462,1627,32932,34573,23328,2141,4916,2314,7944,5966,102,264397
KRAMER-WERKE,0475,11791,7547,187,690,10,44,1938,477,2205,2844,1991,519,635,544,564,745,16,32747
"KUBOTA (J)",7113,3737,6586,227,1386,52,398,2296,1266,3237,4179,1598,278,2137,1103,1331,1324,3,31138
"KUKJE (ROK)",1469,452,909,28,694,5,20,374,295,626,776,421,92,783,212,81,601,-,6369
"KWANG YANG (RC)",7453/7476,1228,4922,80,915,47,60,1417,296,2678,2063,1089,181,823,376,691,705,-,17571
"LANZ,AULENDORF",0533,4350,2230,2,68,2,1,305,26,207,349,688,70,131,41,70,133,-,8673
"MAN NUTZFAHRZEUGE",7731/u.a.,34202,57750,5940,9833,1603,6092,17870,5288,33456,59013,14288,2646,13742,8508,11238,7585,1928,290982
"MASSEY-FERGUSON (F)",3023/3040,7183,13878,19,696,12,63,3834,556,4831,4528,3181,625,918,620,1999,1106,14,44063
"MASSEY-FERGUSON (I)",4064,2394,5069,3,79,2,25,1855,41,1340,1275,999,167,83,49,487,176,5,14049
"MASSEY-FERGUSON (UK)",2061/2063,3760,7478,10,281,5,44,2294,154,2422,2300,1355,324,405,229,1215,717,10,23003
"MG ROVER (UK)",2055/u.a.,744,1348,66,153,16,112,569,74,750,1080,478,105,141,92,363,136,8,6235
"MINSK TRAK-WERK (BY)",9318,108,154,19,5158,1,2,66,3410,152,55,47,11,5385,3662,30,3842,8,22110
"MITSUBISHI (J)",7107/u.a.,2661,2341,783,847,58,160,1474,262,997,3014,886,174,2072,719,421,735,3,17607
"MITSUBISHI (THA)",7431,2267,3446,185,1622,34,80,1362,1445,1656,1955,1165,176,1991,1535,602,1649,13,21183
MULTICAR,7806/u.a.,1713,2954,1106,4374,59,114,1214,1840,1406,2202,679,197,8674,3473,722,6151,9,36887
"NISSAN (CH)",1329,6558,9753,912,2612,101,680,3248,1743,4028,8673,2410,540,2476,1560,2146,1895,42,49377
"NISSAN (E)",7606/u.a.,1003,1330,99,543,24,49,562,387,827,1259,485,142,633,382,305,448,5,8483
"NISSAN EUROPE (F/NL)",2228/u.a.,1428,2187,306,581,29,142,718,302,704,1864,445,96,506,286,345,345,2,10286
OPEL,0035/u.a.,15599,24274,3877,5539,801,1420,10596,5268,13668,26924,6930,1110,8847,4141,4658,5476,163,139291
"PEUGEOT (F)",3003,17384,28280,4372,4273,709,2457,13718,2814,10058,29357,8900,4628,6365,3354,5115,3298,18,145100
"PIAGGIO (I)",4013,1827,1612,122,156,62,211,802,107,517,1236,368,82,498,366,256,268,1,8491
"POLARIS (CH)",1719,719,2183,143,178,9,37,717,184,431,1584,435,75,546,317,392,463,2,8415
"PSA AUTOMOBILES (F)",1889/2525,2858,3249,736,848,129,540,2456,456,1551,5631,1430,573,1609,630,743,604,15,24058
"RENAULT (F)",3333/u.a.,35684,43068,18084,17134,1256,3252,18682,5819,24526,58534,13024,4145,15518,8097,10230,7045,625,284723
"RENAULT TRUCKS (F)",3102/3149,2381,2544,464,555,168,200,965,161,1676,3199,769,760,505,232,780,255,1,15615
"RHEINSTAHL HANOMAG",0019/u.a.,5094,8485,41,396,20,71,2606,279,6940,5077,2068,196,322,341,1347,495,20,33798
"SAAB, -SCANIA (S)",9120/u.a.,8351,7337,881,1653,268,810,3588,1476,5899,10642,3910,966,1840,2051,1853,1224,3,52752
"SAME (I)",4041/u.a.,11771,19721,20,678,15,79,2875,250,3505,4379,2830,386,1598,411,1306,1231,7,51062
"SAME DEUTZ-FAHR",8819/u.a.,5995,15881,10,541,31,88,2804,271,5731,5826,2723,334,909,401,1743,538,7,43833
"SCHLUETER,ANTON",0547,1542,7365,-,44,1,5,405,46,917,1223,302,61,53,42,368,64,-,12438
"SKODA (CZ)",8004/u.a.,380,597,234,715,50,55,351,488,627,859,212,39,1034,615,160,533,8,6957
"SOVAB (F)",3041,961,1326,150,312,31,66,583,188,663,1305,497,116,385,227,236,239,5,7290
"STEYR-D-PUCH (A)",6003/u.a.,3578,7053,22,130,4,24,497,81,620,1116,876,86,232,92,228,146,3,14788
STREETSCOOTER,1681,261,265,43,43,5,7,141,49,283,18142,88,17,49,50,61,25,-,19529
"SUZUKI (J)",7102,1844,3206,129,375,28,148,1065,227,1008,1846,1035,191,676,373,295,627,7,13080
"TAIW.GOLDEN BEE (RC)",7457,2606,5956,185,1112,25,87,3062,1173,2397,2841,2925,409,2057,1114,901,1835,3,28688
"TOYOTA EUROPE (B)",5013/5048,3572,6212,753,1812,156,408,2185,1319,3193,7342,2225,474,1847,1159,1656,927,30,35270
"VALTRA (FIN)",9407/u.a.,1829,5055,29,548,12,43,583,474,2200,1761,538,39,659,400,793,403,2,15368
"VOLKSWAGEN (D)",0603/u.a.,86493,129304,20071,41609,4676,16106,51341,29582,110087,153213,31080,4833,62471,37129,38429,34779,1618,852821
"VOLVO (S)",9101/u.a.,4201,7645,698,2006,400,915,2381,1509,4965,8128,2653,324,2250,1441,3059,1153,29,43757
"YAMAHA (J)",7101,1831,3727,39,369,10,37,982,250,979,1668,1244,165,580,311,187,739,4,13122
"YAMAHA (USA)",1175,924,1784,40,325,9,38,525,322,625,1006,639,87,363,266,136,427,10,7526
"ZETOR ZKL (CZ)",8003/u.a.,971,2864,14,1352,-,4,264,693,230,328,290,23,1879,1029,117,1615,3,11676
"ZHEJIANG CFMOTO (RC)",1497,4122,9292,125,1611,61,109,2794,1613,3932,3358,2567,317,2133,2127,1043,4637,7,39848
"SONSTIGE HERSTELLER",,51955,74943,5176,15578,826,2927,20602,10235,32523,44533,23315,3632,21384,14061,10596,17627,761,350674
INSGESAMT,,893808,1389235,137391,233263,27328,82949,461655,148119,681693,1138488,365018,66919,315868,185176,245330,204972,12160,6589372
,,,,,,,,,,,,,,,,,,,
Hinweis:,,,,,,,,,,,,,,,,,,,
"Betrifft Daimler Buses: Einschließlich Evobus/Ulm.",,,,,,,,,,,,,,,,,,,
"© Kraftfahrt-Bundesamt, Flensburg",,,,,,,,,,,,,,,,,,,
