"zurück zum Inhaltsverzeichnis",,,,,,,,,,,,,,,,,,,,
,,,,,,,,,,,,,,,,,,,,
"Fahrzeugzulassungen (FZ)",,,,,,,,,,,,,,,,,,,,
"Bestand an Kraftfahrzeugen und Kraftfahrzeuganhängern nach Herstellern und Handelsnamen ",,,,,,,,,,,,,,,,,,,,
"FZ 2.5 Bestand an Krafträdern am 1. Januar 2024 nach Herstellern und Bundesländern",,,,,,,,,,,,,,,,,,,,
,,,,,,,,,,,,,,,,,,,,
Krafträder,"Hersteller
Herstellerbezeichnung
",Hersteller-Schl.-Nr.,"Baden-
Württemberg",Bayern,Berlin,Brandenburg,Bremen,Hamburg,Hessen,"Mecklenburg-
Vorpommern","Nieder-
sachsen","Nordrhein-
Westfalen","Rheinland-
Pfalz",Saarland,Sachsen,"Sachsen-
Anhalt","Schleswig-
Holstein",Thüringen,Sonstige,Deutschland
"KRAFTRÄDER INSGESAMT","AEON MOTOR (RC)",7464,543,1454,26,92,8,11,412,43,355,484,277,83,225,200,87,182,-,4482
,"APRILIA (I)",4082/4123,5643,7539,656,736,163,333,2397,359,3021,6898,1905,586,1220,455,817,522,18,33268
,"AUTO UNION",0590/u.a.,1753,3636,45,115,21,45,795,60,1037,1366,541,60,235,70,218,94,1,10092
,AUTOMOB-EISENACH-AWE,0043/0873,59,142,39,543,1,8,50,393,64,77,21,4,1046,503,28,494,3,3475
,"BELGARDA (I)",4133,833,1136,147,228,19,84,444,113,652,1194,327,89,269,112,234,119,5,6005
,"BENELLI (I)",4038,1134,1652,145,332,20,147,613,115,1167,1962,569,158,543,294,404,309,6,9570
,"BETAMOTOR (I)",4068,3778,6355,151,561,39,83,1529,376,1812,2734,1001,193,594,407,451,613,4,20681
,BMW,0005/u.a.,106920,158422,14706,14003,2582,6437,46617,5913,59339,125829,37914,9202,15599,7736,19347,8346,785,639697
,"BOMBARDIER (CDN)",1942,1091,1210,133,216,41,49,640,133,904,1501,615,139,306,183,270,177,3,7611
,"BUELL (USA)",1029,1428,1441,267,634,47,170,631,237,1312,1599,380,121,625,310,481,356,13,10052
,"CAGIVA (I)",4099,824,1154,51,118,11,46,336,60,357,698,280,67,265,106,135,159,1,4668
,"DAELIM (ROK)",8257,3204,5590,1176,1169,91,207,1759,777,2444,5124,1890,484,918,864,833,586,13,27129
,"DUCATI (I)",4042,20203,25393,2568,2807,412,1566,7316,1221,10904,18370,5745,1480,4856,1890,3281,2156,94,110262
,"ENFIELD (IND)",8353,2222,2841,569,595,143,305,1436,262,1836,3369,1134,229,950,395,734,387,8,17415
,"FAHRZ. U. JAGDW.-W.SUHL",6948/u.a.,574,1105,331,3432,10,69,301,1997,628,571,158,28,6695,3011,224,4322,12,23468
,"FANTIC MOTOR (I)",4051,1288,2013,143,254,19,95,507,74,529,1248,395,69,192,170,123,166,4,7289
,"GUANGDONG TAYO (RC)",1740,477,542,135,257,14,37,319,105,422,735,211,46,179,127,107,140,4,3857
,HARLEY-DAVIDSON(USA),1008,45500,50864,8081,11329,1366,5118,24390,5895,31392,57769,16761,4255,8123,6149,13373,4515,362,295242
,"HEINKEL,STUTTGART",0594,1401,1197,92,39,40,82,381,18,1175,1589,360,55,8,6,310,7,2,6762
,"HER CHEE (RC)",7461,728,1428,25,153,5,22,603,139,585,765,462,82,193,185,193,180,3,5751
,"HONDA (BR)",1914,526,1178,54,127,9,26,340,110,257,459,228,32,207,120,84,175,1,3933
,"HONDA (I)",4124,22777,32169,4851,4596,982,2162,11673,2202,12915,30509,7926,1718,5887,2653,4553,2940,112,150625
,"HONDA (IND)",8356,750,1126,98,202,14,52,403,133,407,882,266,49,271,129,146,137,2,5067
,"HONDA (RC)",1327/u.a.,1309,1899,244,318,38,94,700,199,689,1583,452,113,366,192,234,216,5,8651
,"HONDA (THA)",7432,15307,19274,2713,3233,734,1268,7895,1565,8849,18076,5131,1032,3665,1652,3063,1906,59,95422
,"HONDA (USA)",1153,2221,3284,326,700,106,206,1371,432,2229,3796,1078,235,722,514,617,436,7,18280
,"HONDA (VN)",1652,1073,1532,358,221,47,138,601,115,496,1393,332,115,248,132,217,185,5,7208
,"HONDA MOTOR (J)",7100,60234,81098,8715,11125,2418,4682,32054,5633,40608,84406,22965,4959,15372,7181,13741,7467,299,402957
,HOREX,0025,679,708,29,14,3,19,347,6,207,298,164,16,24,10,99,17,-,2640
,"HUSQVARNA (I)",4127,1027,1707,67,109,16,33,339,59,364,713,237,39,242,133,111,149,4,5349
,"HYOSUNG (ROK)",1351/8254,1191,1835,378,693,40,120,736,401,1216,1953,683,158,918,643,400,438,2,11805
,"INDIAN MOTORCYCLE (USA)",1658,1751,1821,343,447,52,145,716,200,1210,1767,518,195,577,296,488,246,10,10782
,"JAWA (CZ)",8005/8006,295,495,125,1409,8,25,155,860,209,371,80,17,2809,1122,67,1321,2,9370
,"JINAN DALONG (RC)",1278/2371,658,1126,122,218,12,43,357,122,490,881,343,81,233,235,140,160,1,5222
,"JINAN QINGQI KR (RC)",2154,502,705,185,293,21,104,350,166,594,1019,237,41,237,197,168,155,2,4976
,"KAWASAKI (J)",2299/7103,58168,65848,8557,12026,1628,4201,29141,5456,42537,76342,22357,5982,14650,8765,14134,9713,337,379842
,KREIDLER,0597/1343,2157,1770,93,97,30,66,880,107,941,1843,762,124,116,107,254,67,5,9419
,"KSR (A)",1085/1827,2589,3471,732,1045,88,527,1418,742,2117,4033,1162,202,1358,693,914,917,20,22028
,"KTM (A)",6007/u.a.,37731,52049,3212,8110,507,1900,14364,3817,18889,34936,12137,2520,11164,5971,6348,6428,184,220267
,"KYMCO (RC)",7453/7476,10166,19440,2137,2502,236,681,5236,967,8143,13164,4427,1099,2554,1534,3128,1764,37,77215
,"MALAGUTI (I)",4104,440,1064,33,97,2,18,252,43,229,400,199,38,104,72,54,67,1,3113
,"MBK (F)",3029/3053,15018,19240,2379,2708,273,934,6764,1531,7691,14914,5090,997,2723,1205,2212,1481,56,85216
,"MONTESA HONDA (E)",7607/u.a.,5035,7660,806,1367,205,395,3016,758,3974,8191,2240,458,1553,861,1236,1008,25,38788
,"MOTO-GUZZI (I)",4003,6378,7492,820,606,181,452,2393,250,3914,6641,2078,557,737,276,1191,309,13,34288
,"MOTORRADW. ZSCHOP.-MZ",0868/u.a.,2821,4523,1439,13181,126,338,1758,9952,3053,3427,1271,270,28355,13100,991,16631,38,101274
,"MV AGUSTA (I)",4060,2518,3176,247,400,52,150,851,129,1032,1949,706,169,756,242,303,307,9,12996
,"NACIONAL MOTOR (E)",7611,509,721,81,69,10,26,252,31,151,398,138,34,87,51,48,68,2,2676
,"NIU (RC)",1853,609,922,2383,88,16,142,375,294,1672,832,235,58,125,27,170,56,4,8008
,NSU-MOTORENWERKE,0037,4261,4458,76,149,26,60,1046,66,1166,1655,809,69,275,85,313,120,1,14635
,NUERNB.HERCULESWERKE,0023,1498,4030,68,46,24,104,1093,30,1175,2091,817,213,57,27,355,47,6,11681
,"PELPI (I)",1829,622,965,82,247,8,59,339,151,501,655,307,51,277,187,141,135,3,4730
,"PEUGEOT (F)",3118/u.a.,5766,9509,1125,506,106,305,3399,167,2577,6405,2349,946,920,316,715,302,17,35430
,"PIAGGIO (I)",4013,89753,137033,12537,5763,1870,8150,36967,2212,29662,88361,23157,5602,5744,2706,11876,2812,370,464575
,"PIAGGIO (RC)",1216,1072,1690,379,129,28,93,542,46,275,944,255,56,111,38,134,63,8,5863
,"PIAGGIO (VN)",1610,4056,6574,1070,342,44,393,1841,131,821,4033,1049,234,432,147,532,193,17,21909
,"POLARIS (USA)",1174,400,388,113,110,19,30,219,39,319,350,121,23,148,70,90,65,4,2508
,"RENAULT (F)",3333/u.a.,941,1055,102,88,23,82,468,38,472,1296,351,74,120,72,211,68,4,5465
,REWACO,8701,326,361,27,65,5,22,239,68,209,670,233,46,124,70,81,83,-,2629
,SACHS,1381/6653,515,1173,87,144,14,26,296,61,322,626,209,72,207,115,113,110,1,4091
,"SANYANG (RC)",7455,2468,4138,632,334,60,175,933,156,1363,2440,720,184,417,243,353,166,4,14786
,"SKY TEAM (RC)",1573,980,945,43,44,27,49,342,32,412,620,178,85,42,15,158,25,2,3999
,"STANDARD MOTOR (RC)",7458,1027,2213,99,248,31,95,742,165,857,1368,831,114,277,219,227,272,-,8785
,"SUZUKI (E)",7610,1335,1645,265,371,33,102,790,237,831,1851,573,173,429,258,349,215,7,9464
,"SUZUKI (J)",7102,64322,75869,9857,15862,1809,4748,31132,9056,47843,94032,26706,7055,19716,12732,19047,10936,382,451104
,"SUZUKI INDOMOBIL (RI)",1699,1570,1671,231,392,16,89,643,184,912,1697,526,105,536,343,339,227,1,9482
,"SWM (I)",1755,635,1011,47,127,1,18,208,91,278,368,161,31,196,91,172,103,1,3539
,"TAIW.GOLDEN BEE (RC)",7457,855,2059,138,135,16,48,302,137,615,960,379,64,150,124,348,124,2,6456
,"TRIUMPH (UK)",2014/u.a.,16688,18255,2818,2745,525,1966,7597,1267,10576,20775,5992,1374,3800,1679,3886,2094,119,102156
,VESPA-RSM,0159/6774,641,1080,30,7,16,61,265,4,216,482,120,77,11,6,101,7,2,3126
,"XIAMEN XIASHING (RC)",1397,1232,1186,550,154,22,108,361,52,347,1055,280,52,294,177,130,86,4,6090
,"YAMAHA (E)",7501,2205,3733,298,239,77,137,1159,182,1529,2803,849,223,237,142,381,156,5,14355
,"YAMAHA (I)",4163,654,727,99,113,17,44,332,72,376,813,257,48,189,85,130,104,1,4061
,"YAMAHA (J)",7101,71131,92824,11134,15288,2184,5351,35830,8295,50431,100681,28278,6653,19500,8979,17908,9742,368,484577
,"YAMAHA (RC)",7452/u.a.,2797,5723,426,540,60,142,1430,357,1647,2954,1130,223,809,307,427,461,9,19442
,"YAMAHA (RI)",1703,1966,2625,627,388,37,135,990,159,708,1830,560,144,533,121,234,236,6,11299
,"YAMAHA (THA)",7433,473,678,192,133,19,50,271,50,211,534,160,27,124,57,64,65,-,3108
,"ZHEJIANG CFMOTO (RC)",1497,333,679,44,137,6,26,218,145,368,556,407,59,297,214,121,213,-,3823
,"ZHEJIANG QIANJIANG (RC)",1273,471,733,107,216,15,29,188,111,282,770,196,107,237,191,109,129,-,3891
,ZUENDAPP-WERKE,0064,2793,7914,84,124,29,170,1204,68,1470,2055,962,94,271,110,454,122,5,17929
,"SONSTIGE HERSTELLER",,35433,55688,6200,9601,973,3657,19003,5195,21436,41559,14096,3690,12573,6799,8222,9164,109,253398
"KRAFTRÄDER INSGESAMT",,,773261,1061079,120600,158401,21046,60385,366602,83594,465225,936347,277406,66706,208154,108011,164482,117239,4041,4992579
"DARUNTER DREIRÄDRIGE KFZ","BOMBARDIER (CDN)",1942,1018,1058,129,199,39,48,598,123,863,1416,579,123,275,165,257,137,3,7030
,HARLEY-DAVIDSON(USA),1008,126,181,38,63,3,21,101,34,134,230,90,12,59,32,61,18,-,1203
,"HONDA (USA)",1153,12,27,1,6,1,1,16,6,39,31,14,2,4,5,4,7,-,176
,"HONDA MOTOR (J)",7100,11,29,1,1,-,3,17,4,21,27,10,-,6,-,4,2,-,136
,"KYMCO (RC)",7453/7476,66,72,7,3,1,8,23,2,25,72,22,19,4,6,14,2,-,346
,"MOTO-GUZZI (I)",4003,29,58,-,-,-,-,8,-,8,14,2,-,2,-,2,2,-,125
,"PEUGEOT (F)",3118/u.a.,558,733,155,82,25,51,366,33,297,827,193,159,100,49,89,36,2,3755
,"PIAGGIO (I)",4013,6042,8007,1098,506,84,312,2818,181,1864,6056,1893,441,387,175,659,219,11,30753
,REWACO,8701,326,361,27,65,5,22,239,68,209,670,233,46,124,70,81,83,-,2629
,VESPA-RSM,0159/6774,25,15,-,-,1,-,9,-,13,26,3,5,4,1,1,1,-,104
,"YAMAHA (THA)",7433,199,260,68,51,12,25,112,19,106,273,77,13,44,23,29,20,-,1331
,"SONSTIGE HERSTELLER",,1903,3626,190,323,59,92,856,174,1125,2094,806,171,446,238,342,244,2,12691
"DREIRÄDRIGE ZUSAMMEN",,,10315,14427,1714,1299,230,583,5163,644,4704,11736,3922,991,1455,764,1543,771,18,60279
"DARUNTER VIERRÄDRIGE KFZ","AEON MOTOR (RC)",7464,503,1422,8,77,7,10,386,41,331,436,269,75,209,191,86,177,-,4228
,BMW,0005/u.a.,26,22,6,1,3,1,7,-,15,47,1,-,3,1,3,2,-,138
,"BOMBARDIER (CDN)",1942,73,152,4,17,2,1,41,10,40,83,36,16,31,18,13,40,-,577
,"DAELIM (ROK)",8257,25,78,3,16,-,2,24,7,19,32,27,-,13,6,5,4,1,262
,"HER CHEE (RC)",7461,697,1326,25,144,4,20,592,137,569,735,457,79,187,180,190,177,3,5522
,"HYOSUNG (ROK)",1351/8254,4,24,1,7,-,-,10,5,7,15,8,1,9,6,-,4,-,101
,"KAWASAKI (J)",2299/7103,72,119,1,12,-,1,44,2,50,74,55,13,17,26,13,16,1,516
,"KYMCO (RC)",7453/7476,2081,7692,181,778,45,89,1862,377,2915,2646,1415,239,812,498,1131,722,7,23490
,"MBK (F)",3029/3053,58,161,-,17,1,2,46,11,25,31,26,3,12,4,13,18,-,428
,"NACIONAL MOTOR (E)",7611,10,33,1,1,-,-,8,2,4,16,23,7,2,-,1,1,-,109
,"PIAGGIO (I)",4013,114,165,4,13,2,4,42,4,18,57,26,4,30,10,8,27,-,528
,"POLARIS (USA)",1174,22,49,2,6,-,-,14,2,10,19,10,-,10,3,4,5,-,156
,"RENAULT (F)",3333/u.a.,938,1055,102,88,23,82,468,38,472,1295,351,74,120,72,211,68,4,5461
,"SANYANG (RC)",7455,153,447,6,23,5,3,86,17,160,166,97,24,43,31,39,18,-,1318
,"STANDARD MOTOR (RC)",7458,865,1891,64,158,23,85,558,107,680,1090,688,81,213,157,172,199,-,7031
,"SUZUKI (J)",7102,177,383,4,46,5,6,123,35,143,212,208,15,100,80,36,104,1,1678
,"TAIW.GOLDEN BEE (RC)",7457,192,531,23,66,4,18,185,78,305,339,229,33,92,98,156,97,1,2447
,"YAMAHA (J)",7101,369,935,8,89,5,7,331,83,274,493,382,52,137,71,66,178,-,3480
,"ZHEJIANG CFMOTO (RC)",1497,198,488,6,68,5,4,140,125,184,328,344,50,167,147,71,170,-,2495
,"SONSTIGE HERSTELLER",,3975,8172,394,1261,98,200,2740,744,2904,4738,2473,517,1623,1221,1053,1522,16,33651
"VIERRÄDRIGE ZUSAMMEN",,,10552,25145,843,2888,232,535,7707,1825,9125,12852,7125,1283,3830,2820,3271,3549,34,93616
,,,,,,,,,,,,,,,,,,,,
Hinweis:,,,,,,,,,,,,,,,,,,,,
"KSR (A) einschließlich GENERIC MOTOR (A).",,,,,,,,,,,,,,,,,,,,
"© Kraftfahrt-Bundesamt, Flensburg",,,,,,,,,,,,,,,,,,,,
