"zurück zum Inhaltsverzeichnis",,,,,,,,,,,,,,,,,,,,
,,,,,,,,,,,,,,,,,,,,
"Fahrzeugzulassungen (FZ)",,,,,,,,,,,,,,,,,,,,
"Bestand an Kraftfahrzeugen und Kraftfahrzeuganhängern nach Herstellern und Handelsnamen ",,,,,,,,,,,,,,,,,,,,
"FZ 2.11 Bestand an Kraftfahrzeuganhängern am 1. Januar 2024 nach Herstellern und Bundesländern
",,,,,,,,,,,,,,,,,,,,
,,,,,,,,,,,,,,,,,,,,
"Kraftfahrzeuganhänger ","Hersteller
Herstellerbezeichnung",Hersteller-Schl.-Nr.,"Baden-
Württemberg",Bayern,Berlin,Brandenburg,Bremen,Hamburg,Hessen,"Mecklenburg-
Vorpommern","Nieder-
sachsen","Nordrhein-
Westfalen","Rheinland-
Pfalz",Saarland,Sachsen,"Sachsen-
Anhalt","Schleswig-
Holstein",Thüringen,Sonstige,Deutschland
KRAFTFAHRZEUGANHÄNGER,"ABI (UK)",2134,211,225,50,105,22,32,180,68,477,742,171,22,151,81,179,75,1,2792
,ABL,7671,712,683,48,264,37,52,759,388,2139,1731,356,55,153,209,605,120,6,8317
,"ACKERMANN,OSCHERSLEBEN",8628/u.a.,755,892,96,248,56,111,326,172,770,1413,329,45,187,200,384,120,19,6123
,"AGADOS (CZ)",8009,7021,17155,444,1431,522,317,2902,1435,8445,4936,1672,547,849,1746,2807,1042,36,53307
,ALF,6542/7693,782,946,169,296,21,88,1430,143,2026,7887,686,84,197,254,535,212,4,15760
,"ANH-BAU WITTENBERGE",7735/u.a.,195,315,443,3299,17,76,219,1429,538,329,76,16,2916,2111,477,1649,8,14113
,"ANNABURGER NUTZFZ.",7857,80,156,35,460,1,-,48,284,117,60,16,1,895,449,32,561,1,3196
,ANSCHAU,1105/7729,262,217,12,22,6,19,187,7,97,199,137,9,24,11,18,10,1,1238
,"ANSSEMS (NL)",9755,12137,16752,1690,4876,668,1072,5800,1737,20426,24414,8635,1073,1712,2027,8264,1872,50,113205
,ARANDT,8906,1,8,4,842,-,-,6,9,5,2,-,1,130,143,2,27,1,1181
,ARCO-TRAILER,6975,227,343,811,1846,26,100,133,652,437,392,116,18,545,432,293,142,6,6519
,"ARNSTADT ANH-BAU",7941/8881,7,22,10,276,-,-,13,224,58,38,8,2,395,393,10,277,-,1733
,"ATEC (NL)",9750,272,302,37,105,9,5,212,35,635,2977,161,44,46,44,51,34,-,4969
,"ATLAS COPCO",6325,133,245,30,25,28,803,33,20,121,307,33,5,53,21,35,10,1,1903
,"ATLAS COPCO (B)",5030/9711,2075,2638,987,411,81,519,688,182,1037,3327,682,124,537,349,289,309,7,14242
,"AUWAERTER,PAUL",0617/9958,55524,33915,124,421,159,103,5438,168,3415,2936,6172,944,590,342,602,712,112,111677
,"AUWAERTER,WALDERSHOF",6748/7736,495,2158,8,34,-,9,189,24,225,347,204,29,63,25,78,89,5,3982
,AVG,8736,113,94,37,45,8,1,51,25,118,362,120,11,23,24,20,18,-,1070
,"AVS,EHINGEN",8408,228,193,2,47,1,6,111,3,74,193,41,8,18,24,30,48,300,1327
,BAGELA,7962,328,551,143,286,33,37,157,179,854,508,165,30,155,187,272,106,-,3991
,BAOS,7989,148,247,127,522,97,41,257,169,5472,1341,93,7,157,320,263,109,-,9370
,BARTHAU,6327,725,313,4,25,6,2,165,13,108,286,222,25,21,16,71,16,1,2019
,"BARTHAU ANHAENGERBAU",6811,18903,18759,383,1426,76,178,6122,713,5535,7663,4722,957,2945,1260,1386,2734,20,73782
,"BENALU (F)",3067/u.a.,202,436,92,44,7,44,37,64,478,334,138,36,91,103,124,19,-,2249
,"BERGER (A)",1555,355,326,1,40,5,25,92,14,178,311,25,-,97,81,10,32,-,1592
,"BERGER,FELLBACH",6541,465,273,2,28,2,3,98,9,55,201,89,35,112,29,10,86,-,1497
,"BERGMANN,L.",0499,391,629,-,164,3,7,124,127,1410,543,86,12,69,71,331,44,-,4011
,"BERLIN AUFZUGBAU",8892,15,34,191,1011,1,4,17,158,47,38,14,1,510,586,12,191,1,2831
,"BERNAU ELG METALL",8914,4,6,105,1814,-,3,3,62,21,19,2,-,64,58,14,49,-,2224
,BEWERMEIER,6109,19,21,2,11,2,5,55,6,92,920,17,2,13,12,10,15,-,1202
,BLOMENROEHR,6384,585,973,171,295,16,35,555,76,1027,3818,942,314,572,325,109,322,14,10149
,BLOMERT,6111,1146,3750,108,322,38,125,812,188,2365,7603,513,103,190,204,1199,143,6,18815
,BLUMHARDT,0614,120,264,12,48,8,52,116,30,333,566,103,9,44,54,91,36,44,1930
,BLYSS,9960,3154,6991,775,1177,188,552,2491,694,10905,9615,1552,281,1114,1307,1844,1234,26,43900
,BMS,1223,153,159,43,42,1,31,116,10,115,369,47,15,20,67,22,11,-,1221
,"BOECKER,ALBERT",0212/1493,954,1098,416,342,40,147,855,139,698,2817,494,131,454,276,250,316,2,9429
,BOECKMANN,6115,39095,46238,3971,19296,1859,3170,27510,22302,100507,86786,15985,2982,14288,11227,25272,10068,178,430734
,"BOEHNLEIN,ADOLF",6867,30,3373,4,4,-,2,19,2,16,17,8,2,18,14,5,77,1,3592
,BORCO-HOEHNS,6802/u.a.,383,490,274,178,84,194,298,127,1714,1327,176,32,108,106,570,56,4,6121
,BOSSERT,0526,2982,165,1,13,-,1,21,3,47,20,32,8,18,9,5,10,2,3337
,"BRANTNER (A)",6009,1220,4830,-,129,6,4,613,154,1210,443,441,61,88,180,396,92,4,9871
,"BRENDERUP (DK)",1044/9609,15149,26535,1540,5801,739,1746,13642,6227,26941,30696,14106,6349,4382,3780,10703,3745,78,172159
,"BRIAN JAMES (UK)",1815,394,824,91,161,30,53,302,95,500,777,187,34,381,151,111,185,-,4276
,BRINKMANN,7900,195,269,83,66,7,38,186,40,156,400,87,38,76,47,62,39,-,1789
,BRIRI,7784,104,135,-,27,2,3,37,30,612,545,23,5,6,34,165,4,-,1732
,"BROSHUIS (NL)",9733,221,176,7,15,53,143,60,17,579,361,46,2,15,58,103,21,-,1877
,"BRUNS,BAD ZWISCHENA.",0775,39,24,1,13,6,15,106,26,457,190,129,39,5,15,164,20,-,1249
,BSA,1284/u.a.,418,1091,1,69,-,1,79,50,192,68,38,8,49,21,82,30,-,2197
,"BUECKER TRAILER",1712,180,286,11,22,12,29,116,12,350,611,65,11,24,18,99,16,1,1863
,BUERSTNER,6116,9655,9304,650,1843,286,365,3062,1225,7000,13138,2865,755,3174,1583,2016,1986,26,58933
,"BURGER,ROTHENBURG",0840,502,2237,2,3,-,1,13,2,3,11,1,1,10,2,2,8,-,2798
,"CAMP-LET (DK)",9624,302,406,24,31,8,39,157,28,315,601,148,26,44,31,418,26,2,2606
,CAPRON,1259,564,503,53,134,3,18,184,67,230,547,124,26,289,115,90,135,-,3082
,"CARBO (NL)",9639/9640,1274,3023,65,121,34,72,274,94,583,1795,278,48,183,198,248,127,4,8421
,CARNEHL,6454,274,587,61,296,41,55,201,224,1553,963,99,20,175,852,207,99,-,5707
,"CHATEAU CARAVANS (B)",5035,632,831,108,263,64,111,390,221,1471,2748,555,83,467,204,584,266,2,9000
,"CLAAS (H)",1322,92,253,-,168,-,-,57,363,295,302,40,5,249,268,195,126,-,2413
,"CLAAS SAULGAU",0578/0937,206,407,-,28,-,1,55,32,183,139,43,3,15,27,84,21,-,1244
,COMPAIR,8635,889,1124,54,163,78,465,280,89,345,860,291,57,297,161,152,136,9,5450
,CONOW,9902,10,21,3,468,1,3,7,293,106,16,1,-,364,255,31,296,-,1875
,CTR,7867,171,151,23,80,30,8,214,27,230,668,705,360,183,35,89,70,2,3046
,D*SIGN,9864,173,185,51,38,4,22,91,30,181,303,61,25,28,24,80,20,-,1316
,"DAV LIMBURG",0947,405,392,52,108,10,10,3015,44,261,570,2490,810,66,55,89,106,5,8488
,"DE FOR.TRAILERFA.(DK)",9600/u.a.,2190,3541,250,617,98,316,1689,375,3832,2975,850,164,524,455,2417,510,6,20809
,"DEBON (PL)",9223,162,182,29,114,9,14,122,55,377,279,95,29,41,86,122,45,-,1761
,"DEHLER YACHTBAU",6820,211,285,82,49,22,24,137,38,204,752,65,11,31,17,100,16,1,2045
,DEMMLER,9944,422,1052,11,48,-,-,55,35,175,106,48,17,43,27,23,26,-,2088
,"DENKA LIFT (DK)",9597/9621,80,389,22,53,2,17,38,17,87,143,17,4,121,34,28,50,2,1104
,DETHLEFFS,0618/6918,9487,10052,705,1767,345,502,3578,1087,6806,12446,2840,598,2566,1451,2618,1622,19,58489
,DINKEL,0424,481,475,4,39,11,10,146,30,59,153,52,6,501,56,15,45,-,2083
,DOLL,0623/u.a.,824,648,8,133,4,6,166,46,246,353,160,37,156,79,45,113,1,3025
,"DOLL,FISCHBACH",6381,71,1190,12,21,-,2,22,14,20,36,10,2,43,16,7,38,-,1504
,"DRESDEN LUFTTECH-ANL",8965,50,114,94,847,1,8,51,351,129,54,18,1,2316,399,20,943,3,5399
,DUFNER,6509,1420,5,1,2,-,-,6,-,1,8,8,2,1,1,2,1,-,1458
,DUIS,6366,137,187,30,181,84,109,294,171,4950,1085,163,27,84,164,1040,74,5,8785
,ECHTERMANN,7971,115,136,53,48,13,48,84,47,180,702,48,11,25,18,108,13,1,1650
,"ECKART MASCHINENBAU",1181/7746,172,772,-,5,-,-,29,4,19,40,26,3,16,3,22,2,-,1113
,ECOAIR,7763/u.a.,371,350,70,73,12,31,73,49,189,375,63,32,111,64,50,71,4,1988
,EDER,1575,445,901,70,176,14,24,233,91,252,615,164,32,169,75,66,136,12,3475
,"EDUARDS (B)",5046,10065,13513,1121,4725,318,290,6479,1458,11357,18183,6190,825,4323,5128,1855,2513,18,88361
,EHEBAUER,6749,65,1768,11,13,1,2,19,10,14,35,14,1,36,17,6,20,1,2033
,EINHELL,0377,373,538,14,5,3,11,95,6,147,263,100,65,2,9,54,11,2,1698
,EIWELEIT,6330,23,34,6,16,1,3,50,8,88,738,101,3,10,8,6,7,-,1102
,EMMINGHAUS,0364,208,146,14,65,5,8,72,44,457,706,35,6,208,96,20,48,-,2138
,"ENERGIEW. SCHW. PUMPE",7810/8915,159,370,119,3106,12,13,119,852,297,181,64,5,10806,2537,77,2665,5,21387
,"ERDE (F)",3042,367,529,28,80,10,25,221,46,257,311,217,43,137,89,99,144,1,2604
,ES-GE,8663,124,105,14,25,20,20,92,19,182,441,82,12,26,39,71,22,2,1296
,ESSELMANN,6127,281,241,104,207,145,23,478,140,929,1327,147,20,263,201,284,163,-,4953
,"ESTEREL (F)",3095,298,224,30,43,6,36,105,27,202,361,127,37,56,29,81,37,-,1699
,"ESTERER,ULRICH",6128,211,218,11,48,2,11,102,19,228,202,103,44,90,78,40,29,-,1436
,"EURO TRAILER",9969,189,213,25,30,5,4,83,34,74,84,70,15,103,73,13,48,-,1063
,EWERS,6453,225,204,35,107,25,17,251,48,455,1402,97,9,101,92,95,53,50,3266
,FAHNENBRUCK,8502,137,251,17,43,27,10,73,70,195,688,66,-,57,77,76,62,-,1849
,FAHRENHORST,6467,61,88,41,91,10,19,76,73,1721,3242,40,4,67,73,121,28,3,5758
,"FAHRZEUGW. OLBERNHAU",0899/u.a.,480,1713,169,958,32,72,335,498,531,723,179,48,2312,976,240,916,2,10184
,"FAHRZEUGW. THAELMANN",6923/u.a.,42,55,197,926,5,20,25,664,110,75,16,1,602,430,49,342,10,3569
,"FAHRZEUGWERK GRUBE",6924/u.a.,89,220,266,3774,7,20,112,1987,471,171,47,3,6500,2592,177,3354,115,19905
,FALCH,7932,466,222,19,17,10,19,80,7,83,187,85,18,34,23,22,13,-,1305
,FAV,7782,2044,1815,78,209,59,56,2601,271,2105,3014,1855,426,193,140,527,153,5,15551
,"FAYMONVILLE (B)",5027,381,611,23,99,32,50,169,77,467,1064,232,24,115,189,127,77,-,3737
,"FB METALLVERARBEITUNG",7845/u.a.,152,824,95,736,32,55,202,155,2043,1062,111,45,144,328,307,104,2,6397
,FEIG,6133,217,67,5,10,1,-,45,4,20,40,1213,29,6,8,2,10,2,1679
,FELDBINDER,6875,641,695,38,265,33,182,350,279,1713,2606,307,43,270,702,387,213,-,8724
,"FENDT CARAVAN",8722/u.a.,13866,19177,580,1542,536,631,5276,1190,11018,22077,4309,1090,2301,1126,3402,1627,33,89781
,FIBERLINE,9956,297,331,45,100,2,14,84,36,60,143,78,11,76,41,32,27,1,1378
,FICKERS,0939,193,284,5,12,7,8,93,12,420,253,95,23,7,16,45,10,-,1483
,FINKL,6667,357,1154,4,27,-,-,49,44,116,239,25,3,25,23,34,23,1,2124
,"FISCHER,FRANZ",0940/1188,4270,179,3,20,1,1,25,6,41,44,67,5,39,11,7,18,2,4739
,"FISCHER,GEORG",6571,296,428,20,20,2,5,59,15,66,126,106,19,33,18,25,22,-,1260
,"FIT-ZEL (A)",6032,384,989,78,195,25,20,291,71,319,674,170,18,229,103,79,173,2,3820
,"FLAMINGO TRAIL.(NL)",9646,2219,4596,45,196,34,108,1250,138,2602,3784,1758,173,264,173,746,177,5,18268
,FLIEGL,7951,2739,7527,149,517,70,179,1110,286,1890,2252,778,136,1260,737,810,1483,25,21948
,"FLIEGL AGRARTECHNIK",1729,732,3302,10,96,2,12,247,72,537,509,204,15,167,78,251,100,-,6334
,FORTUNA,0350/7894,93,164,10,27,-,4,96,39,398,2155,105,6,31,20,89,33,-,3270
,"FUCHS,HEINRICH",0943,167,208,9,19,-,2,849,6,99,260,187,18,27,15,25,39,2,1932
,GAMO,7789,684,565,53,108,5,14,222,78,253,359,189,66,208,101,91,116,-,3112
,GERMANIA-FAHRZEUGBAU,6595/8636,149,79,18,66,1,4,109,32,328,764,64,16,34,100,26,28,-,1818
,"GOERLITZ FEUERL-GER.",8921,75,127,213,2075,2,15,81,1146,209,123,50,5,3806,2054,52,1564,7,11604
,GOFA,6142,85,93,-,18,-,8,89,2,104,590,48,7,3,13,7,8,-,1075
,GOLDHOFER,6631,702,1779,35,206,34,63,310,128,508,857,338,46,271,166,110,124,5,5682
,GOMM,6143,2103,902,12,23,2,1,26,3,18,43,19,7,26,5,4,9,-,3203
,"GOTHA ANH-BAU",0552,86,144,42,198,8,7,119,107,180,169,41,25,415,345,62,1529,102,3579
,H&W,0870,331,153,12,46,2,11,79,36,233,891,147,15,32,33,16,23,-,2060
,HAHN,0826/u.a.,1430,819,26,39,19,42,220,24,461,635,254,40,21,32,154,22,5,4243
,HARBECK,6853,8609,19376,2193,3335,389,2018,3405,3533,4988,9072,2272,577,2114,1448,3907,846,132,68214
,"HARBECK,FRANZ",8474,134,676,9,13,4,11,47,17,47,148,29,5,23,9,15,3,-,1190
,"HARTMANN,J.",8903,20,25,23,922,1,-,13,97,26,17,5,-,1808,96,6,125,1,3185
,"HARTMANN,PAUL",0386,1378,26,1,3,1,-,11,1,6,4,16,-,6,7,3,2,1,1466
,HAUSER,6150,675,23,3,10,-,-,97,2,10,20,140,8,7,-,4,2,1,1002
,HEBA,6362/u.a.,44,50,15,32,2,16,71,22,551,137,29,6,27,36,100,19,5,1162
,HEILSHORN,0534,22,20,9,23,351,19,19,23,1314,59,9,1,4,9,39,10,2,1933
,"HEIMANN,PAUL",6306/7880,316,359,32,106,17,26,176,58,413,2741,187,22,94,66,118,48,1,4780
,HEKU,6784,1922,2754,665,1504,262,1020,1674,1440,4727,6653,958,185,769,739,2643,337,7,28259
,"HENNIGSDORF SWW",8842,39,83,95,387,2,18,32,211,76,43,14,4,431,254,33,168,-,1890
,"HENNIGSDORFER BAUMECH.",8929/u.a.,78,193,267,1438,5,22,64,737,211,141,44,6,1302,817,92,753,1,6171
,"HENRA (NL)",9759,266,357,52,157,10,66,561,63,1106,3610,474,70,64,138,278,74,-,7346
,HENSLER,6639,599,554,13,31,-,1,18,7,44,48,28,9,20,11,10,10,6,1409
,HENZE,8909,8,11,3,730,-,-,7,7,4,13,1,-,239,33,3,16,1,1076
,HEPHATA,8594,17,14,-,6,-,-,1864,2,25,34,11,1,4,2,2,10,2,1994
,HERMANOWSKI,6335,10,21,17,46,4,161,10,179,221,35,4,1,16,38,488,18,-,1269
,HILKEN,8429,54,122,-,52,4,6,49,128,349,202,27,3,37,53,280,10,-,1376
,HIMMELSTEIN,0851,2038,23,2,5,-,-,16,2,11,14,59,2,6,6,3,2,-,2189
,HIRTH,0654/7795,42221,1167,54,75,10,25,275,48,281,395,1087,59,104,68,104,79,15,46067
,HKM,0349,181,439,32,260,6,10,150,172,188,252,45,10,740,385,71,407,2,3350
,HOBBY-WOHNWAGENWERK,0513,15677,16378,1864,6307,746,1183,7046,4750,18611,29264,6327,1614,7379,5188,8382,4627,51,135394
,HOFFMANN,8688,30,22,2,6,-,-,25,-,31,148,1305,59,8,7,9,8,1,1661
,"HOFFMANN,ESCHERSHSN.",6163,274,335,36,57,9,39,228,32,1330,574,101,38,63,63,268,39,2,3488
,HOLZBAU-BAUWAGEN-HBU,7822,262,627,275,485,37,3601,210,414,460,762,136,22,277,224,704,124,1,8621
,HONOLD,6655,1004,31,5,1,2,-,8,-,4,18,5,1,2,4,2,-,1,1088
,"HORNBURGER MASCH.",6720,21,13,-,13,3,3,39,12,850,41,15,4,9,72,18,15,-,1128
,HUEFFERMANN,6166,1600,2361,313,1051,116,190,830,423,1748,3253,659,92,706,541,551,384,427,15245
,HULCO,1434,700,1068,199,432,44,113,244,357,3059,2525,425,64,108,188,1022,91,-,10639
,HUMBAUR,7721,129783,225514,4897,24167,1880,2281,44581,9520,60025,83143,39449,9317,30216,12645,24410,12882,364,715074
,HWR-ANHAENGERBAU,6708,1140,324,22,33,5,6,44,26,72,114,55,16,35,13,25,12,-,1942
,"HYMER (D)",0356/6956,8352,5699,461,824,357,505,2864,597,5284,10407,2118,650,960,523,2093,584,17,42295
,"HYMER (F)",3068,2562,2064,234,267,173,371,935,185,1903,3109,629,142,259,126,1163,130,6,14258
,IFA-AUTOMOBILW.,7803,370,757,2154,14407,34,77,468,7507,1374,698,152,14,12613,10178,470,9466,38,60777
,IFA-KAROSSERIEWERKE,6995/7813,43,112,91,317,2,8,39,137,83,84,21,5,489,266,34,208,1,1940
,"IMV-ADRIA (SLO)",8100/u.a.,2655,3052,281,803,127,315,1239,617,2953,4768,1190,284,1109,512,1397,646,11,21959
,"INGERSOLL-RAND (UK)",2128,97,174,21,69,3,13,149,34,91,213,38,19,73,62,21,34,1,1112
,INNOTRAILER,1676,114,325,2,48,18,3,59,32,341,443,63,17,111,30,57,17,-,1680
,"IRMER & ELZE",0887,480,483,91,144,14,65,169,71,635,1112,264,101,86,86,168,71,52,4092
,ISOPOLAR,8582,1327,1340,51,99,31,33,798,50,1309,2292,438,106,141,80,308,112,-,8515
,"JENSEN MASCH. FAB.",6412/1838,141,135,218,256,20,196,189,123,449,836,151,42,189,168,267,111,-,3491
,"JLFD (F)",1265,166,298,10,23,2,12,85,8,98,256,65,15,9,9,39,12,-,1107
,JOHN,8907,35,49,33,264,1,4,15,64,40,47,10,2,2215,92,17,63,-,2951
,JOTHAWERK,6169/8640,1042,2116,58,132,9,7,590,44,389,585,380,42,259,134,99,160,6,6052
,"JUNG,R.",6495,267,266,15,28,1,-,52,5,35,146,116,56,35,9,4,17,-,1052
,KAERCHER,0436,152,161,25,51,6,16,93,53,144,163,67,16,77,79,81,49,77,1310
,KAESER,7877,1066,1321,270,374,80,124,748,301,1093,1495,422,257,585,308,359,434,144,9381
,"KAESSBOHRER (A)",6018,357,274,3,78,100,17,111,1,562,226,50,15,44,70,18,18,1,1945
,"KAESSBOHRER (D)",0657/u.a.,807,1497,37,100,19,82,249,56,537,752,196,40,66,103,220,55,88,4904
,"KAESSBOHRER FAHRZW.",8620/9892,521,609,14,83,25,179,279,165,620,1060,184,32,126,157,206,98,1,4359
,KARO,0003/6829,1236,956,50,101,10,52,366,69,370,578,260,65,99,66,158,56,1,4493
,KAROSSERIEWERK-KWE,6922,308,1029,204,1166,17,16,211,563,279,310,180,106,1296,881,83,1142,5,7796
,KEMPF,6172,739,1674,27,180,11,8,946,154,1158,1652,1158,403,253,291,364,279,-,9297
,"KH ANHAENGER-BAU",7815/7965,819,735,101,257,84,50,365,155,1209,1989,563,107,215,170,247,128,4,7198
,"KIP (NL)",9716,351,420,51,130,47,74,207,85,901,1344,277,49,135,75,334,81,1,4562
,KLAAS,6534,92,106,21,75,4,22,64,33,107,706,48,12,96,58,52,54,-,1550
,KLAAS-ALU-KRANE,1196,191,174,23,126,1,2,111,29,97,549,113,21,122,72,33,96,-,1760
,KLAGIE,0308,152,153,34,54,2,2,340,15,99,772,3545,154,36,31,24,36,2,5451
,"KNAPEN (NL)",9649,360,340,44,180,8,27,199,175,892,964,152,5,133,84,127,88,-,3778
,"KNAUS TABBERT",0381/u.a.,26690,33622,2263,5253,1210,1746,12023,3537,23748,42649,10398,2744,6981,4439,8141,4319,83,189846
,KNAUSS,6437,353,453,569,43,4,9,38,11,110,159,113,24,86,41,17,33,-,2063
,KNIES,6871,63,78,-,22,-,4,105,25,681,271,35,-,15,37,101,11,-,1448
,KOCH,7765,4902,6863,2335,4959,959,5832,3426,5942,57481,14027,3200,281,1214,2730,30686,694,77,145608
,KOEGEL,7866/u.a.,6792,9305,208,448,268,570,2080,165,2737,6480,2133,1008,1028,645,779,423,175,35244
,"KOENIG TRAILER",1378,4143,882,14,36,2,9,138,21,100,270,118,10,39,22,28,42,1,5875
,KOEPER,0265,43,47,26,108,8,206,31,313,438,106,20,2,35,56,3392,19,2,4852
,KOEPPEL,6433,2798,11,-,2,-,-,12,1,6,13,17,1,2,1,1,3,1,2869
,KONKEL,7982,41,40,48,74,9,79,32,198,158,90,16,2,26,23,350,6,2,1194
,KOTSCHENREUTHER,6478,175,519,7,31,5,7,54,12,91,113,143,3,52,9,29,112,3,1365
,KOTTE,9855,209,182,-,44,7,4,100,183,2950,1494,87,5,25,95,451,29,-,5865
,KRAEMER,8684,279,241,18,130,2,9,156,59,223,287,225,77,72,76,96,66,1,2017
,"KRAKER TRAILERS (NL)",1410,217,240,8,70,6,8,20,32,174,146,60,1,99,63,37,26,-,1207
,KRAMPE,0936,858,2314,2,331,8,34,396,680,1561,2618,302,59,146,259,799,112,1,10480
,"KRAUTTER,OTTO",0788,2514,72,2,6,1,1,27,8,10,20,27,2,14,1,2,10,1,2718
,KRESS,6181,5728,995,38,74,2,13,1454,49,328,561,1038,99,101,71,133,95,26,10805
,KROEGER,6443/6954,406,1411,8,230,8,13,512,200,5620,1972,454,9,92,272,435,57,1,11700
,"KROEGER,FELIX",7881,255,255,119,495,38,772,231,743,1411,664,117,24,168,312,2895,102,3,8604
,KRONE,0747,9363,13426,664,2572,1306,4327,7431,14469,17277,21354,3895,365,2678,2239,4599,1496,210,107671
,KRUKENMEIER,7954,77,78,15,28,9,7,82,18,116,1586,26,5,19,29,26,17,1,2139
,"KUFER KG",6754,499,4575,112,94,20,73,156,41,136,312,106,17,73,44,103,39,7,6407
,"KUFER,JUN.",6800,133,1187,18,20,2,10,34,12,39,77,22,2,25,15,22,14,2,1634
,KUHZ,1629,35,48,52,110,4,40,20,418,66,50,10,2,34,41,93,18,9,1050
,"KWANTEN (B)",1481,564,588,94,204,29,91,554,132,361,1018,519,39,110,83,283,51,5,4725
,"LAG (B)",5010/5043,368,147,4,85,9,185,29,32,172,1068,338,12,27,28,91,4,-,2599
,LAMBERT,8698,538,253,20,30,5,14,51,35,96,417,74,31,57,24,41,46,-,1732
,LANCIER,0743,217,245,44,80,3,14,130,45,146,502,131,46,156,66,29,56,-,1910
,LANGENDORF,6787,351,633,61,388,19,116,164,404,1395,2699,215,27,163,288,837,83,11,7854
,"LANSING,VREDEN",8458,76,66,7,16,1,7,46,19,182,532,49,18,19,26,19,23,-,1106
,LAU,0571,64,1931,4,6,1,-,22,6,47,52,15,1,17,8,4,9,1,2188
,LEIBING,6189,158,191,84,143,28,57,187,125,1801,582,117,11,82,176,191,56,33,4022
,"LEIPZIG CHEMIEANL.",7825/8886,49,89,33,146,3,9,25,92,78,90,21,1,468,167,22,92,-,1385
,"LEIPZIG ELG SCHMIEDE",8899,43,47,18,220,1,-,19,98,29,28,7,2,2903,533,6,290,4,4248
,"LINDNER & FISCHER",7766,354,310,13,25,-,5,57,24,133,192,34,4,18,17,46,8,-,1240
,"LMC CARAVAN",7851/u.a.,3185,3021,442,1137,277,316,1558,755,5159,9627,1856,326,1732,820,2134,819,19,33183
,LOUVEN,6369,96,52,6,18,3,27,58,17,174,1319,60,14,19,13,55,9,1,1941
,LOWIS,0266,23,26,6,15,1,2,15,6,36,1297,48,4,24,8,16,5,2,1534
,M&V,1248,93,86,3,41,154,36,101,26,83,134,67,4,126,42,12,35,-,1043
,MAFA,6894,140,308,3,48,-,27,82,29,351,578,276,1,121,48,62,45,-,2119
,"MAGDEBURG MASCH-BAU",8835,24,40,95,1211,2,2,24,383,76,26,11,-,1209,1222,15,512,-,4852
,"MANNESMANN DEMAG",0884/u.a.,778,904,103,178,22,120,348,94,287,580,168,69,390,218,143,188,2,4592
,MARCHNER,6933,42,1154,1,-,-,2,26,1,14,7,5,2,2,-,7,6,-,1269
,"MARO (CZ)",1291,52,404,7,30,8,5,54,21,196,223,37,6,88,66,17,40,2,1256
,MARQUARDT,6192,123,101,29,129,94,70,227,109,4255,574,131,25,58,168,620,56,4,6773
,"MARTZ (PL)",1787,261,615,167,739,42,103,513,932,984,1267,464,51,262,800,388,170,3,7761
,MASCHINENFAB.KRONE,9825,345,1340,-,92,-,-,143,96,786,332,102,22,62,72,208,51,1,3652
,MBN,6763,320,774,1,2,-,2,84,2,9,12,12,1,3,1,2,2,-,1227
,MEELS,6599/8733,258,711,-,9,1,-,34,12,24,28,33,3,5,5,4,2,2,1131
,MEERMEIER,6194,16,29,5,14,2,-,14,11,73,948,16,1,9,14,19,8,-,1179
,MEIERLING,0672,148,228,2,15,2,3,46,5,122,684,69,7,34,14,28,27,1,1435
,MEILLER,0673,608,1376,73,297,39,47,175,217,920,863,222,45,445,283,252,279,-,6141
,MENGELE,0668/8815,182,482,1,14,1,-,56,13,100,93,77,3,14,16,53,22,-,1127
,"MERSCH,FRANZ",6540,136,153,314,59,15,17,57,32,558,498,59,6,36,68,32,29,3,2072
,MEUSBURGER,0944,1027,1644,7,72,13,46,112,28,278,452,111,14,84,32,55,19,2,3996
,MOESLEIN,0656,1350,2409,85,221,18,24,790,128,541,1100,659,90,379,186,181,335,11,8507
,MOETEFINDT,7858,320,243,99,94,19,300,195,143,1330,478,105,11,53,96,507,24,2,4019
,MOSEL,6372,370,136,20,33,5,7,82,26,71,118,94,33,17,12,29,12,1,1066
,"MUELLER,HELMUT",7995,41,82,39,68,10,110,50,89,243,122,24,8,31,38,149,12,1,1117
,"MUELLER,MITTELTAL",6769,6223,4572,388,900,67,208,1189,636,3281,3601,1876,344,1090,585,1358,642,38,26998
,MUENZ,6206,11893,533,11,52,-,13,148,14,126,152,122,21,54,36,35,46,3,13259
,MULTICAR,7806/u.a.,6,7,9,233,1,2,8,243,19,15,5,-,271,223,12,233,1,1288
,"NANCY CHEVAL (F)",1431,4446,4351,375,1313,217,459,2512,1045,6855,7589,2480,480,962,963,2678,632,8,37365
,NEUSS,0267,389,2726,3,12,-,3,14,5,20,28,20,3,16,8,52,11,-,3310
,"NISSEN,ADOLF",7892,330,1072,2763,307,28,23,260,203,363,469,219,52,337,125,254,136,7,6948
,NONNENMACHER,0716,2476,489,8,21,4,11,112,6,157,159,107,21,17,9,54,14,6,3671
,NUERNB.FAHRZEUGFABR.,0971,42,1426,9,8,-,-,23,6,10,17,6,2,32,6,10,18,-,1615
,O.K.ANH.BAU,6680,34,42,8,40,2,18,28,20,91,662,31,9,11,17,71,10,1,1095
,OBERMAIER,7931,270,782,39,119,4,11,172,45,205,330,119,38,227,183,48,85,1,2678
,"OBERMAIER TRAILERT.",9952,152,180,37,75,7,15,86,51,171,118,49,6,80,119,101,43,-,1290
,"OEHLER MASCHINEN",9922,766,730,5,147,2,2,264,101,299,644,435,58,235,101,102,155,-,4046
,OHLMEIER,8544,1147,935,352,567,51,230,531,492,1063,2059,401,99,268,208,460,114,15,8992
,ORTEN,0507,454,248,25,74,1,22,239,31,208,363,520,114,121,42,74,48,-,2584
,PARTENHEIMER,6210,162,142,14,64,3,5,519,13,108,209,5021,95,82,29,23,101,1,6591
,PAUS,0879,384,369,36,94,29,15,134,73,413,637,156,43,121,102,75,90,-,2771
,PEKA-FAHRZEUGBAU,0684/0685,820,147,5,16,1,5,99,9,111,158,252,25,11,7,38,8,-,1712
,PEKI,0995/6976,363,369,15,54,2,3,124,38,102,343,358,86,86,48,53,86,1,2131
,PFAFFENBACH,6847,31,38,11,24,1,2,1568,7,365,200,14,5,19,24,21,99,4,2433
,PGH,7783,47,44,18,179,3,6,53,2589,118,83,71,44,114,86,61,48,7,3571
,"POETTINGER (A)",0234,500,1914,-,9,3,2,91,17,247,163,51,1,38,9,113,12,-,3170
,POLYMA,1201/6361,187,416,28,34,5,22,250,33,257,404,129,27,71,45,131,64,127,2230
,"PONGRATZ (A)",6024,9543,24749,786,2592,572,440,4827,1319,9184,10647,4022,531,2175,1669,2428,1660,25,77169
,"PRONAR (PL)",9226,833,1872,2,373,17,17,382,332,1215,1144,271,38,274,229,893,200,-,8092
,"PUTZ- U. FOERDERT.-PFT",6900/9921,1072,1755,42,105,36,91,354,144,599,815,389,122,207,157,186,176,1,6251
,PUTZMEISTERWERK,0345/9897,592,551,118,124,95,73,197,116,710,649,142,62,257,94,176,83,-,4039
,"RAPIDO-CARAVANES (F)",3103,454,407,44,104,11,42,212,59,341,801,167,44,195,97,114,96,-,3188
,"REISCH,MARTIN",6722,1432,7014,13,222,8,7,273,425,461,547,419,36,257,181,148,158,3,11604
,RENDERS,7922/8860,117,111,5,39,113,62,130,22,125,160,59,2,132,37,30,61,3,1208
,RETTENMAIER,6392,2839,552,12,21,3,19,84,11,141,192,77,19,46,15,75,20,1,4127
,RFW,7704,126,160,7,23,4,1,421,7,93,506,458,147,16,15,13,13,2,2012
,ROHR,6649,424,1426,8,44,2,15,340,40,172,335,74,17,97,71,63,30,2,3160
,"ROHR SPEZIALFAHRZEUGE",1857,143,691,2,17,-,7,98,38,11,168,142,21,47,10,10,3,-,1408
,"RUDOLPH & SOHN",6897,131,342,-,36,3,4,149,30,2203,249,38,2,9,196,117,75,-,3584
,RUFA,1299,223,228,4,35,3,4,68,33,41,48,33,9,571,57,5,118,-,1480
,RUKU,6997,4895,207,11,37,2,12,97,9,91,195,204,128,68,34,30,20,5,6045
,RUSCHMEIER,0910,189,186,47,91,8,30,110,95,168,503,160,23,50,55,91,27,5,1838
,"SARIS (NL)",9702,33285,51664,1911,8736,975,1974,22869,3838,50966,63804,33607,4285,6886,5812,14752,7357,106,312827
,SAWIKO,1457,231,217,21,25,6,3,83,16,96,366,80,21,27,15,58,17,-,1282
,SAXAS,9954,119,292,42,46,-,2,32,12,39,944,196,3,68,11,22,20,1,1849
,SCHEUBECK,8794,106,1863,7,32,-,2,43,3,34,83,25,13,29,9,7,38,1,2295
,SCHLIESING,7660,229,87,36,80,9,42,152,32,188,868,124,20,178,57,60,89,-,2251
,SCHLOEGL,0271,51,4498,5,10,1,2,35,5,21,35,19,3,25,11,11,12,2,4746
,"SCHMID,FAHRZEUGBAU",7853/7903,1064,7473,255,173,9,82,304,72,305,632,355,35,328,129,48,144,12,11420
,"SCHMIDT,FRIEDRICH",0500,596,443,34,76,11,14,1973,53,548,1819,183,42,78,87,119,142,2,6220
,"SCHMIDT,HAGEN",0869/7698,44,30,-,2,1,1,88,4,68,885,53,6,13,5,4,6,-,1210
,"SCHMIDT,WALTER",7933,607,160,6,37,3,1,116,29,108,239,99,44,51,35,46,35,1,1617
,"SCHMIEDEFELD ISOKO",8918,425,664,377,1558,27,76,348,1017,712,666,179,28,2095,1193,343,1280,-,10988
,"SCHMITZ CARGOBULL",0698/u.a.,13353,11451,768,3414,951,3195,9615,2951,14874,33171,4785,651,4945,3828,5284,3052,60,116348
,"SCHOENEBECK TRAK-W",8998/u.a.,83,141,247,1270,4,15,68,441,209,134,33,6,2250,1248,50,1596,5,7800
,SCHOLL,6727,1593,173,5,23,1,1,112,18,88,128,185,25,32,25,33,20,2,2464
,SCHOON,6441,23,15,4,75,6,3,16,44,1301,90,8,1,7,10,25,22,-,1650
,SCHRADER,6107/8500,242,208,8,16,5,212,190,22,538,815,97,16,81,93,70,26,-,2639
,SCHRAMM,6240,271,247,19,45,7,17,134,24,155,207,695,589,38,33,62,15,1,2559
,"SCHROEDER,WIESMOOR",0290,20,68,4,33,10,3,15,22,563,237,13,-,36,16,54,11,2,1107
,SCHULTES,1626,275,462,22,46,6,14,185,19,136,404,138,27,45,17,45,30,-,1871
,SCHUTZ,0541,69,97,37,52,35,42,73,29,1057,317,39,6,31,50,115,18,-,2067
,SCHWARZMUELLER,0830,4158,9423,109,461,5,17,1395,257,882,1389,1235,122,812,426,333,678,5,21707
,SEICO,7807,154,135,79,77,20,40,74,60,309,262,50,8,45,48,219,15,-,1595
,SIEGEL,8612,136,178,26,79,9,30,105,75,128,399,87,17,40,40,57,18,-,1424
,SIGG,6344,16362,4305,24,77,4,5,263,22,208,342,272,44,139,64,110,86,4,22331
,"SIR (F)",3113,270,449,68,200,21,35,173,98,458,783,164,24,250,145,186,150,1,3475
,"SOENDER OMME (DK)",9591/9618,85,150,14,89,12,10,72,21,240,219,24,13,65,105,46,52,1,1218
,SOETE,0322,4,6,2,9,1,-,4,3,196,895,1,-,3,10,6,1,-,1141
,SOMMER,6414,321,377,24,74,16,30,98,53,280,930,119,7,96,43,64,43,18,2593
,"SORELPOL (PL)",9227,7549,8598,788,2762,310,349,3803,2670,7461,11941,4430,812,3090,2121,2470,1411,23,60588
,SPIER,6226,306,424,276,68,48,34,147,67,358,1622,73,6,60,237,90,49,5,3870
,SPILLER,7668,12,12,6,11,2,1,23,8,64,1064,14,1,9,6,12,4,-,1249
,SPINDELBERGER,7868,782,574,45,62,22,38,329,23,307,553,150,19,62,20,70,26,-,3082
,SPITZER,0889,1283,1146,31,52,15,2,248,24,567,983,295,43,109,112,76,121,-,5107
,SPROLL,1637,4376,1366,7,13,-,1,14,3,25,27,10,3,3,2,8,10,-,5868
,STAHA,8740,484,400,11,50,3,14,295,15,285,707,150,24,50,23,107,36,2,2656
,STAHL-U.WALZW.BRAND.,7819,179,418,735,5920,11,22,186,2529,450,304,90,14,5864,3787,101,3760,18,24388
,STANZ-U.EMAILLIERW.,0850,2009,2843,930,5267,51,145,1168,2401,1734,1910,810,318,9898,4612,586,3798,21,38501
,"STAS (B)",1336,553,778,4,170,6,6,197,82,552,578,162,7,333,176,79,166,-,3849
,STEDELE,7884,11127,26443,860,5726,133,235,4256,1736,5611,9620,3179,757,6828,4952,1201,6204,28,88896
,STEINBACHER,8575,1096,1898,63,178,26,58,833,104,279,721,517,79,105,69,139,134,11,6310
,STEINSBERGER,6377,2324,247,11,24,1,5,59,20,90,109,40,7,18,21,53,12,2,3043
,STEMA,7801,104817,139413,10693,54857,3554,5611,64205,35819,106898,138019,51280,16956,62811,36185,36705,42978,272,911073
,"STETZL (A)",6023,63,1142,-,2,-,-,18,-,10,24,4,1,1,3,9,7,-,1284
,"STOCK,MANCHING",6535,81,1692,3,6,-,1,18,13,15,16,13,-,16,4,2,6,-,1886
,STRAUTMANN,6761,716,2236,2,167,4,8,209,117,1601,1211,247,28,101,127,627,105,1,7507
,STRICKER,0976,61,83,7,36,5,18,35,10,268,1261,39,7,16,24,39,12,-,1921
,"STUERENBERG,H.",6256,17,15,4,11,5,6,12,5,760,214,6,3,5,2,8,5,-,1078
,"SUED-WEST MARINE",8685/8774,387,167,30,56,5,17,93,43,74,125,96,15,38,47,36,25,-,1254
,"SYSTEM TRAILER",9837,316,597,11,117,125,41,275,99,569,1343,128,11,89,64,106,74,-,3965
,"TANG,KARL",0831,86,57,7,20,4,26,56,6,78,603,61,1,4,22,20,11,2,1064
,TEBBE,6796,220,396,-,121,4,1,97,101,482,251,54,11,33,71,205,36,-,2083
,"TEC CARAVAN",7891,1600,1314,166,377,51,82,532,185,1336,2779,505,61,575,263,426,239,4,10495
,TECHAU,6733,748,890,388,643,789,460,722,642,3802,2219,466,89,299,330,1420,151,162,14220
,"TEMA (PL)",1897/1752,4928,7325,622,2439,161,227,2431,1552,4689,7486,1850,458,2438,2548,1386,1776,11,42327
,TEMPUS,1406/1758,486,521,9,88,5,26,286,51,600,634,132,26,208,75,229,239,-,3615
,THALER,6424,275,418,67,125,5,26,140,64,313,322,65,14,172,143,175,140,1,2465
,THIEL,6750,1273,1110,27,65,8,22,382,35,659,747,273,40,80,61,119,40,1,4942
,"THOMAS TRAILERS (PL)",2173,91,77,83,278,16,50,101,204,255,415,108,11,117,227,126,54,1,2214
,THRUN-EICKER,0231,568,659,78,194,19,37,307,114,708,1184,262,61,191,139,193,93,-,4807
,"THULE (S)",1620/1691,8281,14655,1207,4772,235,550,7698,4589,11540,15498,7549,2691,5704,3418,4159,3134,48,95728
,"TIMA (A)",1744,86,180,87,29,4,13,51,7,126,287,38,6,37,21,39,23,-,1034
,"TOMPLAN (PL)",1792,524,842,58,78,9,11,190,65,177,377,146,28,106,69,67,71,1,2819
,"TORGAU LANDMASCH-BAU",8952,135,306,467,2872,16,22,155,1440,449,245,59,5,4921,2804,116,2310,8,16330
,"TPV (SLO)",8109/8111,26113,42124,4268,19205,454,1069,15778,12153,23855,26320,31559,17161,16651,17797,5867,16574,56,277004
,"TREBBINER FAHRZEUGW.",7811/7874,1024,1699,1718,5563,47,80,1288,1863,1226,1488,602,123,3192,3006,690,2639,86,26334
,"TRIGANO (F)",3087/u.a.,3171,3040,272,638,90,228,1127,291,2167,5403,1200,340,1007,434,859,465,3,20735
,"TRIGANO REMORQUES (F)",1246,198,194,17,61,6,9,76,24,101,257,63,32,73,43,38,75,-,1267
,TROEGER,6848,26,1918,6,8,-,2,12,3,8,24,8,4,83,5,4,52,-,2163
,ULRICH,6262,51,1542,1,5,1,2,11,2,5,15,9,2,11,4,5,7,1,1674
,"UNSINN FZ-TECHNIK",6991/8638,16633,37929,1064,4036,573,824,6592,1807,11820,17194,5648,1268,3446,1522,4111,2151,71,116689
,"UNSINN,H.",8490,78,1329,4,6,1,-,23,1,10,25,11,1,5,2,4,5,1,1506
,"VAN HOOL (B)",5038,215,165,8,44,2,889,133,66,913,1356,496,8,31,33,199,16,-,4574
,"VAR FZ-U. APPARATEBAU",6562/6830,129,218,31,79,6,20,103,21,167,442,98,18,40,28,76,22,-,1498
,VAW,6952,586,699,49,33,-,8,263,13,274,616,316,38,6,2,59,11,1,2974
,"VLASTUIN R.E.(NL)",9760,108,107,-,18,102,164,38,46,349,387,150,1,79,33,103,10,-,1695
,"VLEMMIX (NL)",1855,378,539,73,142,42,43,184,85,621,1231,225,59,62,50,352,39,1,4126
,"VOSS,HANS-WILHELM",1212/6519,14,31,13,19,5,127,13,29,138,53,10,-,9,13,523,11,1,1009
,WACKENHUT,6737,460,335,7,13,1,3,48,3,63,96,58,9,14,18,18,23,1,1170
,"WAGENBOUW HAPERT(NL)",9643,4097,7509,333,992,782,474,5729,554,12554,25513,9043,538,1075,1141,3536,1765,30,75665
,"WAGNER,DEININGEN",0574,318,1971,-,3,1,-,23,1,5,21,27,-,6,27,1,24,1,2429
,"WAGNER,EGON",6455/7761,1092,30,2,8,1,-,11,5,13,17,56,7,8,5,3,5,1,1264
,"WAGNER,VICTOR",0993,2393,418,-,5,-,-,16,-,7,17,18,1,18,9,3,22,1,2928
,WAHLE,6391,1910,9,1,1,-,-,1,-,5,3,11,3,4,1,3,2,2,1956
,WARNOWWERFT,8846,37,108,221,1180,7,14,50,1076,191,90,22,2,1274,916,66,879,2,6135
,"WEB TRAILER",1453,158,63,9,16,169,21,105,21,463,241,28,1,57,20,40,16,-,1428
,WECON,7897,232,276,4,39,2,7,200,12,297,717,207,2,38,42,47,29,2,2153
,"WEEGHEL (NL)",9722,97,59,19,19,9,29,88,24,259,706,60,9,12,14,131,6,-,1541
,WEIPPERT,0519,146,286,39,58,21,23,100,37,327,500,120,19,50,55,88,36,-,1905
,WEISIG,6795,301,527,62,51,70,43,407,21,1250,638,240,20,75,96,86,138,1,4026
,WEKA,6602,68,71,33,28,8,15,97,33,244,1649,37,3,35,25,26,13,1,2386
,WELCO,0045,82,89,39,79,9,24,70,62,374,491,47,11,62,77,101,46,1,1664
,WESTER,6989,20,82,-,111,1,2,50,254,708,139,10,2,36,110,329,158,-,2012
,WESTERIA,6929,103,773,11,31,12,7,156,25,904,995,62,6,42,36,105,22,-,3290
,WESTFALIA-HEINEMANN,0404/u.a.,45235,65544,3018,5778,1631,2640,32698,4232,46683,78662,22953,6248,4732,4445,14779,3643,129,343050
,WICK,0469,426,493,364,872,264,329,267,681,1731,979,175,21,304,341,750,133,1,8131
,"WIELTON (PL)",1184,517,620,9,119,65,65,407,174,426,779,184,17,82,83,196,39,-,3782
,WIENHOFF,9938,20,25,-,33,1,-,22,40,637,384,9,-,-,16,112,3,-,1302
,"WIENS SAFETY-TRAILER",6564,398,558,94,226,30,87,218,182,471,864,181,31,114,121,212,47,2,3836
,WIESE,0584,49,102,6,31,10,15,41,27,439,495,17,2,21,27,30,12,-,1324
,"WILKEN,OLDENBURG",7987/u.a.,19,20,6,114,26,11,18,122,662,124,12,4,6,22,143,23,1,1333
,"WILLIAMS (UK)",2138,1284,2298,184,842,47,365,1161,601,3196,3039,636,125,334,345,2590,396,5,17448
,WILLIG,0144,128,436,7,24,-,13,57,30,113,147,11,2,58,146,84,14,5,1275
,"WISSKIRCHEN,JOSEF",1194/6275,39,32,8,12,1,5,29,9,42,1399,186,14,11,8,5,7,1,1808
,"WM MEYER",7686,21251,63318,1666,3861,430,682,13597,1367,14561,25549,9962,1673,7149,5052,3626,6960,90,180794
,WOERMANN,1443,2610,19749,121,265,17,37,704,93,498,1009,520,98,350,159,147,338,10,26725
,"WOLF,H.-P.",0420,1132,120,4,4,2,1,27,5,21,28,14,4,7,9,6,7,1,1392
,WOLFANGEL,0642,2814,2185,158,237,56,176,567,255,813,1327,429,119,169,120,491,66,5,9987
,WT-METALL,8460,1012,1473,49,278,26,29,783,241,1367,2390,598,262,401,462,355,325,82,10133
,"ZAKLADY SPRZETU (PL)",1281,62,75,11,45,5,13,65,16,293,236,28,13,31,50,41,38,-,1022
,"ZASLAW (PL)",1466,110,152,33,482,3,2,166,70,249,870,385,45,477,377,15,114,1,3551
,ZIKUN,6442,887,77,6,6,2,1,20,3,38,46,24,3,5,6,7,10,3,1144
,"ZSP NIEWIADOW (PL)",9216/u.a.,1373,5092,215,514,50,113,985,270,1660,2088,1001,586,589,323,601,390,2,15852
,ZUCK,6283,3891,277,9,28,-,1,408,15,57,84,537,60,37,29,15,32,5,5485
,ZUNHAMMER,0199,550,2571,1,26,2,-,210,28,294,383,61,6,27,15,154,26,1,4355
,"SONSTIGE HERSTELLER",,152039,184947,16066,66758,5619,11353,60070,39551,157869,205448,56234,9578,65076,47010,46219,37700,1657,1163194
"KRAFTFAHRZEUGANHÄNGER  INSGESAMT",,,1145101,1531444,101706,386613,37355,79050,509551,258076,1088314,1398314,468435,111927,413523,277430,363729,262253,7027,8439848
"DARUNTER SATTELANHÄNGER","ACKERMANN,OSCHERSLEBEN",8628/u.a.,156,188,33,45,23,43,85,41,198,388,57,23,36,55,64,23,-,1458
,"BENALU (F)",3067/u.a.,191,426,91,42,7,44,35,64,471,317,134,36,90,102,121,16,-,2187
,"BERGER (A)",1555,355,326,1,40,5,25,90,14,178,311,25,-,97,80,10,32,-,1589
,"BROSHUIS (NL)",9733,218,172,7,15,53,143,60,17,571,354,45,2,15,57,102,21,-,1852
,CARNEHL,6454,217,528,43,242,38,52,171,203,1317,876,72,16,146,799,166,86,-,4972
,DOLL,0623/u.a.,375,415,7,79,4,5,99,27,149,220,88,15,75,46,34,59,1,1698
,ES-GE,8663,101,90,12,22,19,16,87,18,158,397,78,10,25,30,58,18,1,1140
,"FAYMONVILLE (B)",5027,372,584,23,99,32,50,167,77,455,985,214,20,111,175,127,76,-,3567
,FELDBINDER,6875,589,564,30,259,25,181,322,260,1640,2558,293,43,266,671,350,196,-,8247
,FLIEGL,7951,854,1371,58,142,58,119,274,58,651,839,235,55,465,343,207,737,2,6468
,GOLDHOFER,6631,203,447,18,59,6,53,99,57,142,308,125,20,126,64,15,50,-,1792
,HUMBAUR,7721,354,679,11,25,-,5,44,9,148,307,54,25,93,46,61,40,-,1901
,"KAESSBOHRER FAHRZW.",8620/9892,503,586,14,81,25,179,274,165,611,1046,182,32,126,156,203,95,1,4279
,KEMPF,6172,475,1325,18,158,9,5,621,138,949,1303,838,398,219,248,307,214,-,7225
,"KNAPEN (NL)",9649,352,322,44,179,8,27,197,173,874,943,137,5,132,83,126,87,-,3689
,KOEGEL,7866/u.a.,4995,6302,150,327,249,529,1426,96,2000,5024,1665,868,714,518,567,276,1,25707
,"KRAKER TRAILERS (NL)",1410,216,238,8,70,6,8,20,32,174,143,58,1,99,63,37,26,-,1199
,KRONE,0747,7119,8654,393,1648,1191,3857,5045,14003,13739,16085,2847,285,1861,1693,3420,1147,1,82988
,"LAG (B)",5010/5043,359,137,3,84,9,185,28,32,165,1052,337,11,25,28,90,4,-,2549
,LANGENDORF,6787,277,486,46,313,15,105,117,337,1112,2095,160,23,132,258,642,70,2,6190
,MAFA,6894,89,92,2,20,-,27,47,17,309,522,241,1,37,32,20,9,-,1465
,MEIERLING,0672,130,217,2,13,2,2,40,3,94,595,64,7,31,9,18,25,-,1252
,MEILLER,0673,245,682,43,173,18,31,69,90,433,415,73,23,253,138,153,146,-,2985
,MEUSBURGER,0944,658,953,3,66,13,42,81,10,247,390,81,11,58,28,50,18,-,2709
,"MUELLER,MITTELTAL",6769,276,216,11,42,5,20,52,47,155,176,71,24,88,37,83,37,2,1342
,"REISCH,MARTIN",6722,424,922,9,153,5,4,69,394,167,151,83,16,152,67,72,70,-,2758
,ROHR,6649,150,464,3,18,1,13,162,11,94,229,38,5,49,21,30,16,-,1304
,"SCHMITZ CARGOBULL",0698/u.a.,12421,10464,684,3078,925,3129,9073,2739,13881,31454,4417,617,4439,3499,4956,2668,4,108448
,SCHRADER,6107/8500,232,193,8,14,5,211,185,21,520,792,90,15,76,90,68,26,-,2546
,SCHWARZMUELLER,0830,2490,6138,88,370,2,14,761,202,586,909,765,81,672,310,249,356,2,13995
,SPIER,6226,98,136,29,35,9,12,40,8,168,1133,32,2,21,192,19,17,-,1951
,SPITZER,0889,1180,981,31,48,15,-,233,23,502,935,278,42,106,107,73,111,-,4665
,"STAS (B)",1336,552,776,4,170,6,6,197,82,549,578,162,7,333,175,79,166,-,3842
,"SYSTEM TRAILER",9837,70,280,-,66,123,11,107,41,369,548,68,3,60,33,51,20,-,1850
,"VAN HOOL (B)",5038,212,160,8,44,2,887,130,64,909,1343,492,6,31,33,198,16,-,4535
,"VLASTUIN R.E.(NL)",9760,105,104,-,18,102,164,38,46,348,386,148,1,79,33,103,10,-,1685
,WEKA,6602,42,48,30,16,6,11,75,33,156,1327,29,3,27,13,10,8,-,1834
,"WIELTON (PL)",1184,255,197,6,81,60,64,217,134,139,480,79,4,49,39,125,23,-,1952
,"SONSTIGE HERSTELLER",,8119,11093,627,2100,1139,1593,3737,1679,10188,18260,3252,576,2726,2257,2503,1382,39,71270
"SATTELANHÄNGER  ZUSAMMEN",,,46029,57956,2598,10454,4220,11872,24574,21465,55516,96174,18107,3332,14140,12628,15567,8397,56,403085
"DARUNTER WOHNWAGEN","ABI (UK)",2134,208,224,49,104,22,32,180,67,474,741,170,22,151,81,179,75,1,2780
,BUERSTNER,6116,9439,9065,628,1807,281,353,2996,1204,6887,12805,2821,723,3130,1547,1979,1954,24,57643
,"CAMP-LET (DK)",9624,220,211,17,19,7,35,98,21,220,417,82,14,38,17,295,23,2,1736
,CAPRON,1259,564,500,53,134,3,18,183,67,229,547,124,26,289,114,90,134,-,3075
,"CHATEAU CARAVANS (B)",5035,629,830,108,262,64,111,386,220,1469,2738,555,82,467,204,584,264,2,8975
,DETHLEFFS,0618/6918,9291,9859,692,1732,341,490,3525,1056,6687,12182,2791,585,2518,1430,2586,1602,19,57386
,"ESTEREL (F)",3095,296,223,29,42,6,36,105,27,200,357,127,36,56,29,80,37,-,1686
,"FAHRZEUGW. OLBERNHAU",0899/u.a.,341,413,127,634,21,34,195,341,358,461,122,39,1601,667,143,683,-,6180
,"FENDT CARAVAN",8722/u.a.,13769,18992,576,1524,534,628,5233,1169,10942,22000,4284,1083,2283,1116,3369,1622,32,89156
,"HENNIGSDORF SWW",8842,36,74,72,242,2,16,27,157,69,35,14,3,363,191,27,144,-,1472
,"HENNIGSDORFER BAUMECH.",8929/u.a.,55,132,98,396,4,15,48,254,125,95,32,3,585,310,57,276,-,2485
,HOBBY-WOHNWAGENWERK,0513,15611,16312,1853,6265,736,1173,7008,4732,18496,29137,6298,1603,7353,5162,8339,4607,50,134735
,"HYMER (D)",0356/6956,8255,5615,459,807,353,502,2834,586,5239,10304,2098,643,953,515,2075,575,17,41830
,"HYMER (F)",3068,2559,2059,234,265,173,371,934,185,1900,3107,628,142,258,125,1162,130,6,14238
,IFA-KAROSSERIEWERKE,6995/7813,13,52,59,230,1,6,18,98,37,33,7,1,368,204,19,161,1,1308
,"IMV-ADRIA (SLO)",8100/u.a.,2611,2997,276,787,125,311,1218,602,2895,4700,1144,275,1098,499,1382,635,11,21566
,"KIP (NL)",9716,329,396,48,121,46,68,202,80,877,1310,264,46,132,70,328,79,1,4397
,"KNAUS TABBERT",0381/u.a.,26329,32876,2215,5091,1197,1733,11831,3446,23434,42150,10206,2716,6840,4358,8048,4238,82,186790
,"LEIPZIG CHEMIEANL.",7825/8886,49,88,33,145,3,9,24,90,77,88,20,1,463,163,22,92,-,1367
,"LMC CARAVAN",7851/u.a.,3063,2936,425,1126,275,301,1517,740,5038,9356,1807,315,1704,803,2096,803,19,32324
,"RAPIDO-CARAVANES (F)",3103,446,402,44,102,11,42,211,57,338,798,167,43,195,97,114,96,-,3163
,"SCHMIEDEFELD ISOKO",8918,422,662,373,1544,27,76,345,1011,708,659,178,28,2081,1185,340,1269,-,10908
,"SIR (F)",3113,263,443,68,194,21,34,169,96,456,768,163,24,247,139,186,149,1,3421
,"TEC CARAVAN",7891,1599,1313,165,377,51,82,531,184,1334,2778,503,61,572,263,425,238,4,10480
,THRUN-EICKER,0231,525,614,75,179,17,34,274,109,654,1078,235,53,185,129,179,86,-,4426
,"TRIGANO (F)",3087/u.a.,2676,2641,239,600,76,193,968,272,1903,4702,1040,308,908,389,785,400,3,18103
,WEIPPERT,0519,130,269,36,49,19,23,93,35,308,475,113,18,43,51,86,31,-,1779
,WESTFALIA-HEINEMANN,0404/u.a.,438,342,23,24,15,19,147,13,293,513,95,27,30,17,68,23,1,2088
,"ZSP NIEWIADOW (PL)",9216/u.a.,169,222,29,70,6,37,84,33,202,355,84,15,126,36,141,63,1,1673
,"SONSTIGE HERSTELLER",,4471,5054,832,2190,288,526,2336,1311,5829,9301,2100,431,2844,1664,2373,1479,9,43038
"WOHNWAGEN ZUSAMMEN",,,104806,115816,9935,27062,4725,7308,43720,18263,97678,173990,38272,9366,37881,21575,37557,21968,286,770208
,,,,,,,,,,,,,,,,,,,,
"Hinweis: ",,,,,,,,,,,,,,,,,,,,
"Sattelanhänger: Ohne zweckbestimmte Anhänger mit EG-Typgenehmigung gemäß Rahmenrichtlinie 2007/46/EG oder 2018/858/EG und land-oder forstwirtschaftliche Anhänger gemäß der EU-Verordnung 167/2013.",,,,,,,,,,,,,,,,,,,,
"© Kraftfahrt-Bundesamt, Flensburg",,,,,,,,,,,,,,,,,,,,
