"zurück zum Inhaltsverzeichnis",,,,,,,,,,,,,,,,,,,,
,,,,,,,,,,,,,,,,,,,,
"Fahrzeugzulassungen (FZ)",,,,,,,,,,,,,,,,,,,,
"Bestand an Kraftfahrzeugen und Kraftfahrzeuganhängern nach Herstellern und Handelsnamen ",,,,,,,,,,,,,,,,,,,,
"FZ 2.3 Bestand an Personenkraftwagen am 1. Januar 2024 nach Herstellern und Bundesländern",,,,,,,,,,,,,,,,,,,,
,,,,,,,,,,,,,,,,,,,,
Personenkraftwagen,"Hersteller
Herstellerbezeichnung
",Hersteller-Schl.-Nr.,"Baden-
Württemberg",Bayern,Berlin,Brandenburg,Bremen,Hamburg,Hessen,"Mecklenburg-
Vorpommern","Nieder-
sachsen","Nordrhein-
Westfalen","Rheinland-
Pfalz",Saarland,Sachsen,"Sachsen-
Anhalt","Schleswig-
Holstein",Thüringen,Sonstige,Deutschland
PERSONENKRAFTWAGEN,ALPINA,7656,1246,1844,183,118,45,206,729,48,669,1625,630,101,183,60,353,89,8,8137
,"ASTON MARTIN (UK)",2019,768,1253,224,67,25,275,630,27,328,1272,236,60,91,30,153,34,13,5486
,"AUDI (D)",0588/u.a.,468679,706944,70495,77351,15264,47121,261274,47165,307403,608970,164356,37515,132527,70882,92917,76959,2929,3188751
,"AUDI (H)",8307,18487,22687,1566,1394,426,1442,9714,648,11132,28038,7413,1950,2081,1093,3587,1258,128,113044
,AUTOMOB-EISENACH-AWE,0043/0873,131,171,200,1448,9,23,69,771,121,154,44,4,2647,1431,45,1712,5,8985
,"BENTLEY (UK)",2091,736,1239,404,112,62,279,525,54,494,1412,216,44,144,42,193,37,7,6000
,BMW,0005/u.a.,599217,1001485,90367,75205,23887,73654,343677,40482,311328,838252,228839,58530,107833,57803,111242,60727,4096,4026624
,"BYD (RC)",2160,372,2128,49,64,4,75,186,69,265,483,249,45,124,68,79,56,1,4317
,"CHEVROLET (USA)",8260/u.a.,9814,14183,4227,5520,1126,3191,7731,2985,11099,32759,5375,1285,7560,5361,7367,3618,59,123260
,"CHRYSLER (CDN)",1904/1907,945,1018,243,324,35,150,514,134,729,1211,335,70,287,185,254,179,10,6623
,"CITROEN (F)",3001,102891,80111,17970,24053,5112,11075,48734,13366,67476,167652,41793,12823,42176,21352,24812,18740,439,700575
,"DACIA (RO)",8201/8212,85343,95596,17047,30137,3612,6566,43132,17097,59406,124251,40509,14662,39225,22052,22673,24157,276,645741
,"DAIHATSU (J)",7111,6930,8464,2011,1728,336,1109,3736,762,4274,14851,3205,895,2364,947,1946,1384,17,54959
,"DAIMLER (D)",1313/u.a.,958006,750508,166781,125643,41264,120181,423485,68684,468487,1135949,277192,60763,141795,82833,187185,78405,5233,5092394
,"FCA (I)",4136/u.a.,251081,284159,31964,30459,8475,26459,121307,15992,130508,317824,79321,16363,39718,20359,59654,21378,818,1455839
,"FCA (USA)",1004/u.a.,31304,34309,5984,7439,892,4309,17081,3579,16285,41445,12396,2721,7214,4574,7347,4234,200,201313
,"FERRARI (I)",4019/u.a.,2199,3691,683,178,58,390,1494,62,844,3110,632,188,306,102,363,119,30,14449
,"FORD (D)",0928/8566,425801,477545,60053,101266,18079,40747,242028,65451,316393,844007,193834,67635,163982,92510,120965,76954,2756,3310006
,"FORD (IND)",1778,3226,2943,231,591,101,172,1852,383,2449,5277,1481,664,976,544,1012,547,7,22456
,"FORD (USA)",1005/1028,12674,14917,1716,2762,437,1434,7637,1247,8328,18505,5213,1280,3179,1752,3238,1677,91,86087
,"GENERAL MOTORS (E)",7526,740,635,198,250,25,57,560,80,432,1322,364,91,318,234,144,132,4,5586
,"GENERAL MOTORS (USA)",1006/u.a.,7914,10271,1489,2111,262,919,4579,764,4874,10451,3027,635,2240,1041,2044,1107,39,53767
,"GREAT WALL MOTOR (RC)",2280,423,943,53,58,14,340,1054,19,378,968,121,46,78,32,83,74,-,4684
,"HONDA (RC)",7475/u.a.,6752,8181,1839,3646,565,1894,3252,1717,5592,13974,2488,439,3793,2272,3192,1963,30,61589
,"HONDA (UK)",2131,14759,17511,3341,7580,914,3024,7413,4235,11743,28280,6173,1239,10328,5868,5859,5183,90,133540
,"HONDA MOTOR (J)",7100,18846,21332,5922,10285,1100,3609,9894,5550,13473,35907,7615,1596,12630,7502,6425,6875,103,168664
,"HYUNDAI (TR)",5984,42768,55687,10196,11212,3104,7185,31952,9007,35941,98139,30245,8891,14556,10141,20130,10221,279,399654
,"HYUNDAI MOTOR (CZ)",1349,73807,96086,15639,22907,4335,8404,56938,17918,63150,147184,52608,14374,28730,22444,30702,20346,548,676120
,"HYUNDAI MOTOR (IND)",8357,11038,13187,3070,3316,798,1728,7753,2548,11039,30217,5839,2458,3904,2552,6093,2073,50,107663
,"HYUNDAI MOTOR (ROK)",8252,34954,44478,8778,12426,2102,4485,28010,8529,31468,69111,22026,6564,14545,10281,14766,8821,251,321595
,"IVECO (I)",4192/u.a.,2272,2625,273,455,100,258,1226,270,2229,4227,1016,196,448,190,1098,293,12,17188
,"JAGUAR LAND ROVER (UK)",1590/u.a.,26124,33691,6453,4275,1442,6121,20299,2158,16361,48018,10960,2619,4995,2540,7991,2594,209,196850
,"KIA MOTOR (ROK)",2233/8253,44783,59161,12047,17488,3072,4902,30964,8444,40360,116817,21104,4661,18396,12532,11199,11437,335,417702
,"KIA MOTORS (SK)",1260/2234,47556,62451,10946,18232,2595,4400,32835,9914,39983,115574,24785,4675,22808,15397,9790,13597,442,435980
,LADA,1556,563,980,51,198,11,84,383,166,417,702,379,74,521,258,170,361,1,5319
,"LAMBORGHINI (I)",4026,631,1068,202,90,20,145,364,19,254,849,144,39,94,33,110,34,6,4102
,"LOTUS (UK)",2062,896,845,82,50,17,122,441,17,345,1231,334,98,53,31,141,29,2,4734
,"MAGYAR SUZUKI (H)",8306,37107,50021,5011,8098,936,2187,24930,4781,15531,47004,14972,3054,21240,8230,8061,14073,110,265346
,"MAN NUTZFAHRZEUGE",7731/u.a.,902,1310,163,176,21,148,667,110,865,1388,340,54,217,133,374,121,4,6993
,"MARUTI (IND)",8352,2967,3421,588,1003,121,258,2181,549,1703,4590,1287,286,2077,1083,1218,1150,16,24498
,"MASERATI (I)",4014,1707,2205,440,176,74,339,1064,64,668,2166,521,164,238,105,288,84,10,10313
,"MATRA (F)",3128,632,721,157,123,30,54,347,49,372,804,228,73,222,105,107,71,-,4095
,"MAZDA (B)",5003,1792,2902,443,475,83,247,1239,294,1090,3894,769,207,934,485,362,476,14,15706
,"MAZDA (J)",7108/7118,91473,131758,23543,29444,3959,11808,61096,20409,70641,203923,42414,12435,45054,28765,21178,23053,789,821742
,"MERCEDES-BENZ (E)",7605,970,882,252,187,41,119,421,86,509,1051,318,74,228,116,205,110,3,5572
,"MG ROVER (UK)",2055/u.a.,7672,9655,1558,1065,404,1704,4334,417,5033,13551,2979,814,1411,657,2013,669,44,53980
,"MITSUBISHI (J)",7107/7149,33480,40392,7752,15189,1280,2761,21278,10644,22035,40780,13891,2683,18907,10275,7850,9778,224,259199
,"MITSUBISHI (NL)",9758,11435,12006,2791,3943,374,748,7020,2691,6063,16473,4337,1058,5017,2471,2070,2091,40,80628
,"MITSUBISHI (THA)",7431,21853,26231,4431,6681,972,2832,13033,4865,14629,30485,10073,2065,9733,4460,6043,5448,63,163897
,"NETHERLANDS CAR (NL)",9644,2449,2427,963,1394,147,263,1850,704,1712,3694,972,267,1400,799,563,511,5,20120
,"NISSAN (CH)",1329,79327,80217,16195,26627,2925,10089,34482,19472,55664,139993,26522,7471,24311,18785,27557,15091,448,585176
,"NISSAN (J)",7105,1247,1201,316,368,87,119,726,140,811,2379,516,154,435,244,295,245,6,9289
,"NISSAN (UK)",2125,474,273,300,246,33,61,272,85,324,1176,186,44,164,144,86,78,3,3949
,"NISSAN EUROPE (F/NL)",2228/u.a.,23311,23682,8469,10302,1113,3551,13771,5795,18017,50832,8559,2469,9641,6731,7570,5051,104,198968
,OPEL,0035/u.a.,462573,623250,74465,107904,21792,45339,336503,67347,363182,819553,224377,32104,160286,88545,141840,96096,2474,3667630
,"PEUGEOT (F)",3003,134299,126461,23587,28414,5124,12083,73540,14993,69454,185800,64527,36767,40593,21601,30145,17965,494,885847
,"POLESTAR (S)",2219,1547,2796,283,163,44,1654,1969,74,626,2245,323,64,134,66,290,62,6,12346
,PORSCHE,0583,79619,77181,10004,4311,2041,10600,36532,1836,27347,89293,21710,5157,5361,2446,10985,2529,277,387229
,"PSA AUTOMOBILES (F)",1889/2525,59916,84692,9511,11243,2166,10485,65375,6749,38718,108819,27292,8229,19771,9104,15679,12013,399,490161
,"RENAULT (F)",3333/u.a.,273254,223099,78083,83503,10169,21789,122696,31805,168587,397831,90217,26402,106042,55757,61210,55414,1124,1806982
,"SAAB, -SCANIA (S)",9116/u.a.,3937,5099,1591,663,422,1478,3544,541,3804,8394,1699,440,951,398,2396,371,43,35771
,SACHSENRING,0845,1122,1742,839,6339,39,103,749,3580,1372,1506,439,82,10627,5727,431,6110,19,40826
,"SAIC (RC)",2180,4887,10413,352,569,146,1439,2534,449,2652,7540,1921,452,899,493,1231,550,24,36551
,"SANTANA (E)",7612,1332,1681,87,230,27,147,657,111,681,1442,758,199,259,173,216,343,5,8348
,"SEAT (E)",7593,207259,314282,25941,36310,6832,18185,123401,24935,140030,319499,85699,20980,80318,34182,39802,41858,1590,1521103
,"SKODA (CZ)",8004/u.a.,297481,458645,71324,116445,15648,36950,184784,67522,293004,460365,109401,23497,200208,112885,84561,111047,2376,2646143
,"SMART (D)",8773/9891,17039,12268,4065,2686,838,2842,8513,1325,8589,24369,5077,1416,3059,1836,3843,1810,46,99621
,"SMART (RC)",2320,1311,1011,153,108,58,149,634,61,527,1679,306,60,190,95,358,92,1,6793
,"SSANGYONG (ROK)",2409/8251,2943,3867,265,913,35,167,1621,687,1767,4784,1613,345,1739,1055,1040,842,8,23691
,"SUBARU-FUJI HEAVY (J)",1842/7106,16134,21082,1552,3601,329,701,10389,1986,5829,15368,8410,2198,7386,2557,2097,5064,77,104760
,"SUZUKI (J)",7102,30895,43782,3604,6754,582,1862,18563,4015,13664,38372,13902,3075,13930,6270,6307,11365,122,217064
,"SUZUKI (THA)",1661/1688,1688,1827,268,543,94,133,1242,268,1031,3209,926,197,985,543,854,602,3,14413
,"TESLA (USA)",1480,22312,32271,7202,4021,989,4023,14728,1540,14943,38215,8746,1621,3651,1831,6220,1781,173,164267
,"TOYOTA (J)",7104,9333,12799,2491,2101,473,1431,6509,1133,6919,19573,4187,1854,3223,1615,2614,1182,47,77484
,"TOYOTA EUROPE (B)",5013/5048,159612,211138,51044,42865,9243,20941,95351,26077,106009,279857,74544,31138,62550,32883,41747,26618,843,1272460
,"VAZ-LADA (RUS)",1113/9308,2278,3536,465,2176,63,263,1607,1094,1859,3235,1195,464,3088,1797,528,2203,22,25873
,"VOLKSWAGEN (D)",0603/u.a.,1422570,1668773,230618,291004,65306,176735,769316,189918,1393418,2092108,470705,89258,458516,264801,399790,246947,12065,10241848
,"VOLVO (S)",9101/u.a.,58675,73190,16579,17323,5135,17102,44250,12542,67930,132209,23700,4066,21190,9439,33920,10014,648,547912
,"ZHEJIANG GEELY (RC)",2189,36,2766,15,19,14,517,5253,5,45,98,14,2,12,8,43,1,-,8848
,"SONSTIGE HERSTELLER",,19314,24241,3324,4839,743,2168,10975,2163,13230,27663,7412,1826,6216,3256,4560,3406,124,135460
"PERSONENKRAFTWAGEN INSGESAMT",,,6924840,8365523,1244061,1480982,300677,813109,3903398,884272,4956941,10557227,2630481,651558,2185262,1220279,1743869,1191789,44417,49098685
"DARUNTER WOHNMOBILE","CHRYSLER (CDN)",1904/1907,20,38,14,10,2,5,13,10,11,37,9,3,8,10,14,10,-,214
,"CITROEN (F)",3001,12857,16182,1307,1744,480,1136,5009,1256,8282,17662,3418,914,2529,1189,4067,1569,54,79655
,"DAIMLER (D)",1313/u.a.,13690,14424,2773,2404,603,2063,5831,1613,9030,16444,3812,726,2949,1262,5400,1473,62,84559
,"FCA (I)",4136/u.a.,59620,67984,6184,10781,2325,6059,27656,7200,50080,87700,21191,4661,12783,6598,24777,7645,210,403454
,"FCA (USA)",1004/u.a.,15,32,6,4,2,2,14,2,17,34,5,4,3,1,6,1,-,148
,"FORD (D)",0928/8566,10305,11762,1546,2003,482,1336,4700,1065,7071,14025,2959,781,2465,1157,3905,1225,53,66840
,"FORD (USA)",1005/1028,67,93,21,33,2,12,54,9,67,144,43,5,28,20,62,12,-,672
,"GENERAL MOTORS (USA)",1006/u.a.,95,126,65,67,7,23,71,22,127,239,35,5,53,21,77,27,1,1061
,"HYUNDAI MOTOR (ROK)",8252,22,33,8,6,4,4,7,2,21,27,8,2,8,3,7,3,1,166
,"IVECO (I)",4192/u.a.,2211,2604,268,447,99,245,1213,269,2211,4205,1006,195,431,187,1096,287,12,16986
,"JAGUAR LAND ROVER (UK)",1590/u.a.,151,234,22,14,4,29,74,6,94,143,43,4,13,4,40,11,-,886
,"MAN NUTZFAHRZEUGE",7731/u.a.,796,1060,121,143,15,79,598,88,746,1158,297,51,144,93,326,88,4,5807
,"MERCEDES-BENZ (E)",7605,313,382,92,46,15,65,139,29,171,366,74,23,69,21,103,29,2,1939
,"MG ROVER (UK)",2055/u.a.,93,151,10,13,5,27,53,7,84,131,38,2,12,4,39,20,-,689
,"MITSUBISHI (J)",7107/7149,196,231,68,20,11,16,77,20,92,187,60,15,59,13,42,33,1,1141
,"NISSAN (CH)",1329,183,303,27,19,2,29,44,5,55,147,29,12,27,3,60,8,1,954
,"NISSAN EUROPE (F/NL)",2228/u.a.,44,60,6,7,1,5,17,3,16,36,7,1,15,2,4,10,-,234
,OPEL,0035/u.a.,394,751,63,47,29,76,169,40,227,434,110,20,72,30,147,32,1,2642
,"PEUGEOT (F)",3003,4328,5787,551,723,237,524,2096,376,2985,5423,1291,336,884,410,1586,525,20,28082
,"PSA AUTOMOBILES (F)",1889/2525,24,72,2,3,1,-,9,2,9,23,4,-,4,2,9,3,-,167
,"RENAULT (F)",3333/u.a.,3300,3253,463,706,86,289,1667,317,1933,4366,1491,325,588,337,959,321,14,20415
,"SAAB, -SCANIA (S)",9116/u.a.,15,24,7,3,-,1,6,3,20,35,3,1,3,3,12,2,-,138
,"TOYOTA (J)",7104,243,454,33,29,3,32,93,10,96,233,67,8,36,14,52,18,1,1422
,"TOYOTA EUROPE (B)",5013/5048,142,214,15,10,3,21,38,6,61,126,45,8,32,6,48,10,-,785
,"VOLKSWAGEN (D)",0603/u.a.,26078,41177,5050,3539,1329,6626,12459,2879,19238,26928,6035,1189,5128,1772,13125,2285,190,175027
,"VOLVO (S)",9101/u.a.,27,40,3,10,1,1,11,5,28,38,8,4,6,4,17,-,1,204
,"SONSTIGE HERSTELLER",,1910,2387,304,466,80,204,919,268,1620,2773,563,147,496,267,814,358,16,13592
"WOHNMOBILE ZUSAMMEN",,,137139,169858,19029,23297,5828,18909,63037,15512,104392,183064,42651,9442,28845,13433,56794,16005,644,907879
"DARUNTER KRANKENWAGEN, NOTARZTEINSATZFZ.","AUDI (D)",0588/u.a.,127,48,3,7,-,-,11,13,26,28,27,1,30,14,4,14,-,353
,BMW,0005/u.a.,29,356,3,-,-,2,14,9,9,33,27,-,1,4,6,14,1,508
,"DAIMLER (D)",1313/u.a.,1498,1591,597,566,85,398,1355,439,1511,3525,673,183,772,522,670,361,39,14785
,"FORD (D)",0928/8566,452,725,292,45,19,72,185,31,251,385,199,129,131,84,32,50,-,3082
,"MAN NUTZFAHRZEUGE",7731/u.a.,8,23,11,-,3,57,15,-,31,38,2,-,38,3,20,1,-,250
,"VOLKSWAGEN (D)",0603/u.a.,488,234,399,77,32,145,162,108,506,650,152,20,333,154,151,79,17,3707
,"SONSTIGE HERSTELLER",,102,77,23,12,1,14,39,13,27,58,17,-,36,19,5,16,-,459
"KRANKENWAGEN, NOTARZTEINSATZFZ. ZUSAMMEN",,,2704,3054,1328,707,140,688,1781,613,2361,4717,1097,333,1341,800,888,535,57,23144
,,,,,,,,,,,,,,,,,,,,
"© Kraftfahrt-Bundesamt, Flensburg",,,,,,,,,,,,,,,,,,,,
