,,,,,,,,,,,,,,
,,"NEW LIGHT COMMERCIAL VEHICLES (LCV) UP TO 3.5T1",,,,,,,,,,,,
,,"EUROPEAN UNION + EFTA + UK",,,,,,,,,,,,
,,,,,,,,,,,,,,
,,,,,,,,,,,,,,
Group,Brand,2021/01/01,2021/02/01,2021/03/01,2021/04/01,2021/05/01,2021/06/01,2021/07/01,2021/08/01,2021/09/01,2021/10/01,2021/11/01,2021/12/01,FY
"Aston Martin","Aston Martin",1,0,0,0,0,0,0,0,0,0,0,0,1
BMW,BMW,84,158,170,145,103,116,77,78,105,71,121,81,1309
,Mini,13,5,17,12,10,14,2,7,3,8,5,10,106
,TOTAL,97,163,187,157,113,130,79,85,108,79,126,91,1415
China,"Great Wall",31,31,17,5,4,35,11,16,40,86,113,69,458
,Others,0,0,3,1,0,0,1,0,0,0,0,0,5
,TOTAL,31,31,20,6,4,35,12,16,40,86,113,69,463
"CNH Industrial",Iveco,3980,4916,6378,6274,6478,8285,6052,4393,5815,5784,5331,5378,69064
Daimler,Mercedes,12319,12479,19881,14891,15184,17618,14927,13035,14935,14385,15594,16780,182028
,Smart,0,0,0,0,0,1,0,0,0,0,0,1,2
,TOTAL,12319,12479,19881,14891,15184,17619,14927,13035,14935,14385,15594,16781,182030
Ford,Ford,25019,25437,45505,30640,28373,26037,21173,24002,29861,26860,26255,22524,331686
GM,Chevrolet,1,0,3,2,8,9,9,9,12,7,5,5,70
,Others,19,14,10,5,14,11,5,5,11,8,8,7,117
,TOTAL,20,14,13,7,22,20,14,14,23,15,13,12,187
"Jaguar Land Rover",Jaguar,46,23,51,81,63,63,37,26,55,49,51,35,580
,"Land Rover",232,210,934,985,739,731,722,373,689,594,339,380,6928
,TOTAL,278,233,985,1066,802,794,759,399,744,643,390,415,7508
Japan,Honda,1,1,0,2,0,1,1,2,1,0,0,3,12
,Mazda,2,5,2,1,7,6,7,4,6,8,8,6,62
,Mitsubishi,1278,1282,2670,1582,1693,2083,1319,988,1170,1341,1512,2145,19063
,Nissan,3041,2795,6247,4000,3869,4205,2949,2713,3430,3153,3755,4719,44876
,Subaru,3,7,6,3,3,2,6,2,1,7,6,7,53
,Suzuki,8,8,42,298,701,1482,1277,916,1242,890,1112,1167,9143
,Others,887,868,1812,1338,1545,1733,1422,898,1317,1421,1336,1758,16335
,TOTAL,5220,4966,10779,7224,7818,9512,6981,5523,7167,6820,7729,9805,89544
Korea,Hyundai,79,54,73,64,82,70,124,56,74,74,48,53,851
,Kia,70,65,107,92,110,47,140,64,85,82,117,225,1204
,SsangYong,47,45,106,86,60,96,65,52,182,54,70,107,970
,TOTAL,196,164,286,242,252,213,329,172,341,210,235,385,3025
Porsche,Porsche,3,2,2,5,1,1,4,1,1,1,5,5,31
Renault,Dacia,1836,2426,3820,4155,2814,2901,2003,1480,1046,607,566,516,24170
,Lada,0,2,1,3,2,0,0,4,2,1,15,4,34
,Renault,22656,24112,30014,24058,23909,33019,20195,16038,24241,22923,22247,27627,291039
,TOTAL,24492,26540,33835,28216,26725,35920,22198,17522,25289,23531,22828,28147,315243
Stellantis,"Alfa Romeo",6,10,6,13,29,28,29,11,25,44,46,41,288
,Chrysler,0,0,1,1,0,0,0,0,0,0,0,0,2
,Citroen,13279,14284,22111,16837,16279,18457,13606,10224,12444,13619,13973,13185,178298
,Dodge,135,145,164,155,129,170,145,136,112,108,70,93,1562
,DS,20,29,19,23,17,26,13,9,17,34,23,29,259
,Fiat,11237,13985,19768,16858,16439,18803,14652,9722,12898,12422,12589,13502,172875
,Jeep,84,184,203,149,211,347,326,195,337,407,458,474,3375
,Lancia,1,0,6,3,6,8,2,6,1,2,1,0,36
,Maserati,3,5,1,0,4,3,3,3,2,3,4,5,36
,Opel,8036,8031,12512,9288,9951,10637,7651,6327,7546,8779,9741,10364,108863
,Peugeot,16338,18039,24792,19021,18440,19324,15089,12049,15096,14783,15149,16823,204943
,TOTAL,49139,54712,79583,62348,61505,67803,51516,38682,48478,50201,52054,54516,670537
Toyota,Lexus,0,0,1,0,0,0,0,0,0,0,0,1,2
,Toyota,5967,6082,9763,7466,7002,7578,6317,6193,7774,6469,6063,7348,84022
,TOTAL,5967,6082,9764,7466,7002,7578,6317,6193,7774,6469,6063,7349,84024
Volkswagen,Audi,40,66,71,86,80,72,63,49,47,38,36,50,698
,MAN,1391,1402,2097,1570,1362,1444,1622,1071,1400,1368,1306,1659,17692
,Seat,137,83,104,73,74,98,62,62,61,75,76,107,1012
,Skoda,108,101,93,58,68,92,80,57,92,69,41,114,973
,Volkswagen,14910,14623,24245,18578,16969,20768,16739,13440,12398,12668,11947,12112,189397
,Others,0,0,0,0,0,0,1,0,1,1,0,0,3
,TOTAL,16586,16275,26610,20365,18553,22474,18567,14679,13999,14219,13406,14042,209775
Others,Volvo,92,91,101,102,118,129,122,41,80,114,177,129,1296
,Others,1645,1654,2084,1973,2262,2762,2080,1688,2203,2618,2867,3421,27257
,TOTAL,1737,1745,2185,2075,2380,2891,2202,1729,2283,2732,3044,3550,28553
TOTAL,,145085,153759,236013,180982,175212,199312,151130,126445,156858,152035,153186,163069,1993086
"SOURCE: ASSOCIATION AUXILIAIRE DE L'AUTOMOBILE (AAA)",,,,,,,,,,,,,,"1 Including light buses & coaches"
