,,,,,,,,,,,,,,
,,"NEW PASSENGER CAR REGISTRATIONS",,,,,,,,,,,,
,,"EUROPEAN UNION + EFTA + UK",,,,,,,,,,,,
,,,,,,,,,,,,,,
,,,,,,,,,,,,,,
Group,Brand,2021/01/01,2021/02/01,2021/03/01,2021/04/01,2021/05/01,2021/06/01,2021/07/01,2021/08/01,2021/09/01,2021/10/01,2021/11/01,2021/12/01,FY
"Aston Martin","Aston Martin",135,82,342,162,194,172,163,108,220,158,108,162,2006
BMW,BMW,53683,47527,80807,60587,62550,69999,56330,43516,57407,48041,51869,49540,681856
,Mini,10280,10856,22899,16097,15386,18019,14536,8552,11280,12889,15444,19270,175508
,Others,57,27,93,52,39,43,48,39,73,42,48,28,589
,TOTAL,64020,58410,103799,76736,77975,88061,70914,52107,68760,60972,67361,68838,857953
China,"Great Wall",42,42,62,46,81,61,73,46,55,46,36,17,607
,Others,52,6,8,165,19,15,21,221,49,414,477,259,1706
,TOTAL,94,48,70,211,100,76,94,267,104,460,513,276,2313
"CNH Industrial",Iveco,75,96,158,94,100,109,103,85,65,71,68,61,1085
Daimler,Mercedes,51222,45405,86073,62201,53994,56881,54103,36653,42326,48196,51862,54104,643020
,Smart,2620,2478,4204,3396,3389,3127,2094,1253,3096,4091,3974,3315,37037
,TOTAL,53842,47883,90277,65597,57383,60008,56197,37906,45422,52287,55836,57419,680057
Ford,Ford,48369,44773,72225,53450,51662,53043,42725,34433,44282,36884,33865,37583,553294
,Others,1,0,0,0,0,0,0,0,0,0,1,1,3
,TOTAL,48370,44773,72225,53450,51662,53043,42725,34433,44282,36884,33866,37584,553297
GM,Chevrolet,4,5,11,11,18,15,9,13,13,11,98,101,309
,Others,34,40,109,85,80,84,64,64,62,58,58,112,850
,TOTAL,38,45,120,96,98,99,73,77,75,69,156,213,1159
"Jaguar Land Rover",Jaguar,1826,1780,6263,4724,4526,4417,2940,1603,2836,1476,2413,2554,37358
,"Land Rover",6639,6236,21676,12834,10054,8359,7151,3798,9387,5353,5679,6467,103633
,TOTAL,8465,8016,27939,17558,14580,12776,10091,5401,12223,6829,8092,9021,140991
Japan,Honda,3554,3391,6816,5559,6333,7230,6296,4749,9594,5437,4489,4660,68108
,Mazda,8404,8893,17665,13157,14661,17901,13937,12212,17878,11554,10246,8868,155376
,Mitsubishi,4212,4671,7818,5997,6536,7798,6816,5636,5917,5798,5812,5741,72752
,Nissan,19316,18143,39597,19517,18219,21088,18443,12560,24007,17365,18727,21001,247983
,Subaru,1060,1400,2380,1550,1783,2131,1654,1381,2375,1862,1782,1755,21113
,Suzuki,13080,14369,20526,15959,17983,22811,17630,14655,19911,13913,11956,13817,196610
,Others,1,0,1,0,0,1,1,1,0,1,1,0,7
,TOTAL,49627,50867,94803,61739,65515,78960,64777,51194,79682,55930,53013,55842,761949
Korea,Hyundai,28158,29132,49754,35948,43193,54878,49460,37587,51918,43180,46078,42673,511959
,Kia,30394,30850,48067,40737,43838,52499,47215,36239,54852,43487,41398,34088,503664
,SsangYong,585,748,1021,748,769,870,724,1007,1254,1085,648,493,9952
,TOTAL,59137,60730,98842,77433,87800,108247,97399,74833,108024,87752,88124,77254,1025575
Porsche,Porsche,5592,4372,8270,5854,6656,6375,6363,3281,4591,7470,7582,11263,77669
Renault,Dacia,28246,25358,33674,28411,29336,44309,38724,30991,37100,29793,37602,44083,407627
,Lada,59,88,147,155,118,96,111,177,112,83,131,186,1463
,Renault,48513,48058,73881,55153,60412,82727,41917,37043,58607,50884,54030,67638,678863
,TOTAL,76818,73504,107702,83719,89866,127132,80752,68211,95819,80760,91763,111907,1087953
Stellantis,"Alfa Romeo",1797,1908,2798,1936,2520,2746,2086,1412,2182,1861,2348,2704,26298
,Chrysler,3,2,2,1,6,4,2,0,2,10,6,11,49
,Citroen,32231,38622,56408,42740,43006,49341,32459,22972,33947,29994,33591,31181,446492
,Dodge,2,5,9,6,6,8,17,11,3,5,10,62,144
,DS,2724,3015,4181,3331,3485,5315,3440,2136,3788,3177,3480,4741,42813
,Fiat,33724,38776,56561,45421,50134,55626,37563,26004,34855,33630,32975,30787,476056
,Jeep,9253,10320,15090,11711,11203,14212,12064,8071,10501,7888,8663,9537,128513
,Lancia,4048,3866,5093,5152,4612,4335,3141,2057,2945,3013,3207,2210,43679
,Maserati,329,219,477,284,325,359,407,182,423,376,351,471,4203
,Opel,33886,36001,63010,45075,43513,53712,39259,27418,41647,33302,34655,35728,487206
,Peugeot,60893,66006,88494,70397,65310,72753,54030,32622,48906,52712,52859,60465,725447
,Others,0,0,0,0,1,1,1,0,1,0,0,0,4
,TOTAL,178890,198740,292123,226054,224121,258412,184469,122885,179200,165968,172145,177897,2380904
Toyota,Lexus,3327,2730,5873,3525,3987,5326,3947,3316,5958,3568,2803,3091,47451
,Toyota,54602,51238,77054,60422,62904,78195,64738,49623,59693,44415,51844,52741,707469
,TOTAL,57929,53968,82927,63947,66891,83521,68685,52939,65651,47983,54647,55832,754920
Volkswagen,Audi,40019,42836,72314,57200,62113,69527,53948,40278,42080,33000,37700,45303,596318
,MAN,63,41,55,52,63,102,111,148,122,124,82,98,1061
,Seat,29367,29050,45506,39016,45503,49312,37117,26144,30185,19887,22702,25583,399372
,Skoda,46506,47843,66675,56035,62527,64415,52907,36422,38613,30344,39117,45498,586902
,Volkswagen,90415,93071,145912,119819,126199,153461,119941,84853,90135,73540,77160,95263,1269769
,Others,435,251,581,473,489,430,435,322,513,410,540,410,5289
,TOTAL,206805,213092,331043,272595,296894,337247,264459,188167,201648,157305,177301,212155,2858711
Others,Tesla,1681,5551,24175,1230,8817,26126,638,11377,34347,3037,16393,35475,168847
,Volvo,25567,24454,42330,26305,26153,30448,22323,13673,20024,25137,25379,30564,312357
,Others,3541,3315,8006,5334,6364,8984,6650,6337,10978,7905,10384,7815,85613
,TOTAL,30789,33320,74511,32869,41334,65558,29611,31387,65349,36079,52156,73854,566817
TOTAL,,840626,847946,1385151,1038114,1081169,1279796,976875,723281,971115,796977,862731,949578,11753359
"SOURCE: ASSOCIATION AUXILIAIRE DE L'AUTOMOBILE (AAA)",,,,,,,,,,,,,,
