,,,,,,,,,,,,,,
,,"NEW PASSENGER CAR REGISTRATIONS",,,,,,,,,,,,
,,"EUROPEAN UNION + EFTA + UK",,,,,,,,,,,,
,,,,,,,,,,,,,,
,,,,,,,,,,,,,,
Group,Brand,2021/01/01,2021/02/01,2021/03/01,2021/04/01,2021/05/01,2021/06/01,2021/07/01,2021/08/01,2021/09/01,2021/10/01,2021/11/01,2021/12/01,FY
"Aston Martin","Aston Martin",136,82,342,162,194,172,163,108,220,158,108,162,2007
BMW,BMW,53767,47685,80977,60732,62653,70115,56407,43594,57512,48112,51990,49621,683165
,Mini,10293,10861,22916,16109,15396,18033,14538,8559,11283,12897,15449,19280,175614
,Others,57,27,93,52,39,43,48,39,73,42,48,28,589
,TOTAL,64117,58573,103986,76893,78088,88191,70993,52192,68868,61051,67487,68929,859368
China,"Great Wall",73,73,79,51,85,96,84,62,95,132,149,86,1065
,Others,52,6,11,166,19,15,22,221,49,414,477,259,1711
,TOTAL,125,79,90,217,104,111,106,283,144,546,626,345,2776
"CNH Industrial",Iveco,4055,5012,6536,6368,6578,8394,6155,4478,5880,5855,5399,5439,70149
Daimler,Mercedes,63541,57884,105954,77092,69178,74499,69030,49688,57261,62581,67456,70884,825048
,Smart,2620,2478,4204,3396,3389,3128,2094,1253,3096,4091,3974,3316,37039
,TOTAL,66161,60362,110158,80488,72567,77627,71124,50941,60357,66672,71430,74200,862087
Ford,Ford,73388,70210,117730,84090,80035,79080,63898,58435,74143,63744,60120,60107,884980
,Others,1,0,0,0,0,0,0,0,0,0,1,1,3
,TOTAL,73389,70210,117730,84090,80035,79080,63898,58435,74143,63744,60121,60108,884983
GM,Chevrolet,5,5,14,13,26,24,18,22,25,18,103,106,379
,Others,53,54,119,90,94,95,69,69,73,66,66,119,967
,TOTAL,58,59,133,103,120,119,87,91,98,84,169,225,1346
"Jaguar Land Rover",Jaguar,1872,1803,6314,4805,4589,4480,2977,1629,2891,1525,2464,2589,37938
,"Land Rover",6871,6446,22610,13819,10793,9090,7873,4171,10076,5947,6018,6847,110561
,TOTAL,8743,8249,28924,18624,15382,13570,10850,5800,12967,7472,8482,9436,148499
Japan,Honda,3555,3392,6816,5561,6333,7231,6297,4751,9595,5437,4489,4663,68120
,Mazda,8406,8898,17667,13158,14668,17907,13944,12216,17884,11562,10254,8874,155438
,Mitsubishi,5490,5953,10488,7579,8229,9881,8135,6624,7087,7139,7324,7886,91815
,Nissan,22357,20938,45844,23517,22088,25293,21392,15273,27437,20518,22482,25720,292859
,Subaru,1063,1407,2386,1553,1786,2133,1660,1383,2376,1869,1788,1762,21166
,Suzuki,13088,14377,20568,16257,18684,24293,18907,15571,21153,14803,13068,14984,205753
,Others,888,868,1813,1338,1545,1734,1423,899,1317,1422,1337,1758,16342
,TOTAL,54847,55833,105582,68963,73333,88472,71758,56717,86849,62750,60742,65647,851493
Korea,Hyundai,28237,29186,49827,36012,43275,54948,49584,37643,51992,43254,46126,42726,512810
,Kia,30464,30915,48174,40829,43948,52546,47355,36303,54937,43569,41515,34313,504868
,SsangYong,632,793,1127,834,829,966,789,1059,1436,1139,718,600,10922
,TOTAL,59333,60894,99128,77675,88052,108460,97728,75005,108365,87962,88359,77639,1028600
Porsche,Porsche,5595,4374,8272,5859,6657,6376,6367,3282,4592,7471,7587,11268,77700
Renault,Dacia,30082,27784,37494,32566,32150,47210,40727,32471,38146,30400,38168,44599,431797
,Lada,59,90,148,158,120,96,111,181,114,84,146,190,1497
,Renault,71169,72170,103895,79211,84321,115746,62112,53081,82848,73807,76277,95265,969902
,TOTAL,101310,100044,141537,111935,116591,163052,102950,85733,121108,104291,114591,140054,1403196
Stellantis,"Alfa Romeo",1803,1918,2804,1949,2549,2774,2115,1423,2207,1905,2394,2745,26586
,Chrysler,3,2,3,2,6,4,2,0,2,10,6,11,51
,Citroen,45510,52906,78519,59577,59285,67798,46065,33196,46391,43613,47564,44366,624790
,Dodge,137,150,173,161,135,178,162,147,115,113,80,155,1706
,DS,2744,3044,4200,3354,3502,5341,3453,2145,3805,3211,3503,4770,43072
,Fiat,44961,52761,76329,62279,66573,74429,52215,35726,47753,46052,45564,44289,648931
,Jeep,9337,10504,15293,11860,11414,14559,12390,8266,10838,8295,9121,10011,131888
,Lancia,4049,3866,5099,5155,4618,4343,3143,2063,2946,3015,3208,2210,43715
,Maserati,332,224,478,284,329,362,410,185,425,379,355,476,4239
,Opel,41922,44032,75522,54363,53464,64349,46910,33745,49193,42081,44396,46092,596069
,Peugeot,77231,84045,113286,89418,83750,92077,69119,44671,64002,67495,68008,77288,930390
,Others,0,0,0,0,1,1,1,0,1,0,0,0,4
,TOTAL,228029,253452,371706,288402,285626,326215,235985,161567,227678,216169,224199,232413,3051441
Toyota,Lexus,3327,2730,5874,3525,3987,5326,3947,3316,5958,3568,2803,3092,47453
,Toyota,60569,57320,86817,67888,69906,85773,71055,55816,67467,50884,57907,60089,791491
,TOTAL,63896,60050,92691,71413,73893,91099,75002,59132,73425,54452,60710,63181,838944
Volkswagen,Audi,40059,42902,72385,57286,62193,69599,54011,40327,42127,33038,37736,45353,597016
,MAN,1454,1443,2152,1622,1425,1546,1733,1219,1522,1492,1388,1757,18753
,Seat,29504,29133,45610,39089,45577,49410,37179,26206,30246,19962,22778,25690,400384
,Skoda,46614,47944,66768,56093,62595,64507,52987,36479,38705,30413,39158,45612,587875
,Volkswagen,105325,107694,170157,138397,143168,174229,136680,98293,102533,86208,89107,107375,1459166
,Others,435,251,581,473,489,430,436,322,514,411,540,410,5292
,TOTAL,223391,229367,357653,292960,315447,359721,283026,202846,215647,171524,190707,226197,3068486
Others,Tesla,1681,5551,24175,1230,8817,26126,638,11377,34347,3037,16393,35475,168847
,Volvo,25659,24545,42431,26407,26271,30577,22445,13714,20104,25251,25556,30693,313653
,Others,5186,4969,10090,7307,8626,11746,8730,8025,13181,10523,13251,11236,112870
,TOTAL,32526,35065,76696,34944,43714,68449,31813,33116,67632,38811,55200,77404,595370
TOTAL,,985711,1001705,1621164,1219096,1256381,1479108,1128005,849726,1127973,949012,1015917,1112647,13746445
"SOURCE: ASSOCIATION AUXILIAIRE DE L'AUTOMOBILE (AAA)",,,,,,,,,,,,,,
